1	299.58	200.91	58.341	34.572	four	1
1	316.87	99.355	44.296	39.974	three	2
1	333.07	14.005	51.859	41.055	four	3
2	299.33	202.17	58.341	34.572	four	1
2	317.18	100.44	44.296	39.974	three	2
2	330.37	14.005	51.859	41.055	four	3
3	299.08	203.43	58.341	34.572	four	1
3	317.48	101.52	44.296	39.974	three	2
3	327.67	14.005	51.859	41.055	four	3
4	298.82	204.69	58.341	34.572	four	1
4	317.79	102.6	44.296	39.974	three	2
4	327.52	15.008	51.859	41.055	four	3
5	298.57	205.95	58.341	34.572	four	1
5	318.1	103.68	44.296	39.974	three	2
5	327.36	16.011	51.859	41.055	four	3
6	298.32	207.21	58.341	34.572	four	1
6	318.41	104.76	44.296	39.974	three	2
6	327.21	17.014	51.859	41.055	four	3
7	298.07	208.47	58.341	34.572	four	1
7	318.72	105.84	44.296	39.974	three	2
7	327.05	18.018	51.859	41.055	four	3
8	297.82	209.73	58.341	34.572	four	1
8	319.03	106.92	44.296	39.974	three	2
8	326.9	19.021	51.859	41.055	four	3
9	297.56	211	58.341	34.572	four	1
9	318.67	108.36	44.296	39.974	three	2
9	326.74	20.024	51.859	41.055	four	3
10	297.31	212.26	58.341	34.572	four	1
10	318.31	109.8	44.296	39.974	three	2
10	326.59	21.027	51.859	41.055	four	3
11	297.06	213.52	58.341	34.572	four	1
11	317.95	111.24	44.296	39.974	three	2
11	326.44	22.031	51.859	41.055	four	3
12	296.81	214.78	58.341	34.572	four	1
12	317.59	112.68	44.296	39.974	three	2
12	326.28	23.034	51.859	41.055	four	3
13	296.56	216.04	58.341	34.572	four	1
13	317.23	114.12	44.296	39.974	three	2
13	326.13	24.037	51.859	41.055	four	3
14	296.3	217.3	58.341	34.572	four	1
14	316.87	115.56	44.296	39.974	three	2
14	325.97	25.04	51.859	41.055	four	3
15	296.05	218.56	58.341	34.572	four	1
15	316.87	116.64	44.296	39.974	three	2
15	325.82	26.043	51.859	41.055	four	3
16	295.8	219.82	58.341	34.572	four	1
16	316.87	117.72	44.296	39.974	three	2
16	325.66	27.047	51.859	41.055	four	3
17	295.55	221.08	58.341	34.572	four	1
17	316.87	118.8	44.296	39.974	three	2
17	325.51	28.05	51.859	41.055	four	3
18	295.29	222.34	58.341	34.572	four	1
18	316.45	119.99	44.296	39.974	three	2
18	325.28	29.67	51.859	41.055	four	3
19	295.04	223.6	58.341	34.572	four	1
19	316.04	121.17	44.296	39.974	three	2
19	325.05	31.291	51.859	41.055	four	3
20	294.79	224.86	58.341	34.572	four	1
20	315.62	122.36	44.296	39.974	three	2
20	324.82	32.912	51.859	41.055	four	3
21	294.54	226.12	58.341	34.572	four	1
21	315.2	123.54	44.296	39.974	three	2
21	324.58	34.532	51.859	41.055	four	3
22	294.29	227.38	58.341	34.572	four	1
22	314.79	124.72	44.296	39.974	three	2
22	324.35	36.153	51.859	41.055	four	3
23	294.03	228.64	58.341	34.572	four	1
23	314.37	125.91	44.296	39.974	three	2
23	324.12	37.773	51.859	41.055	four	3
24	293.78	229.9	58.341	34.572	four	1
24	313.96	127.09	44.296	39.974	three	2
24	323.89	39.394	51.859	41.055	four	3
25	293.53	231.16	58.341	34.572	four	1
25	313.54	128.28	44.296	39.974	three	2
25	323.66	41.014	51.859	41.055	four	3
26	293.28	232.42	58.341	34.572	four	1
26	313.13	129.46	44.296	39.974	three	2
26	323.43	42.635	51.859	41.055	four	3
27	293.03	233.68	58.341	34.572	four	1
27	312.71	130.64	44.296	39.974	three	2
27	323.19	44.256	51.859	41.055	four	3
28	292.77	234.94	58.341	34.572	four	1
28	312.3	131.83	44.296	39.974	three	2
28	322.96	45.876	51.859	41.055	four	3
29	292.52	236.2	58.341	34.572	four	1
29	311.88	133.01	44.296	39.974	three	2
29	322.73	47.497	51.859	41.055	four	3
30	292.27	237.46	58.341	34.572	four	1
30	311.46	134.2	44.296	39.974	three	2
30	322.5	49.117	51.859	41.055	four	3
31	292.02	238.73	58.341	34.572	four	1
31	311.05	135.38	44.296	39.974	three	2
31	322.27	50.738	51.859	41.055	four	3
32	291.57	239.92	58.341	34.572	four	1
32	310.63	136.57	44.296	39.974	three	2
32	321.3	51.494	51.859	41.055	four	3
33	291.12	241.11	58.341	34.572	four	1
33	310.22	137.75	44.296	39.974	three	2
33	320.32	52.25	51.859	41.055	four	3
34	290.68	242.3	58.341	34.572	four	1
34	309.8	138.93	44.296	39.974	three	2
34	319.35	53.007	51.859	41.055	four	3
35	290.23	243.49	58.341	34.572	four	1
35	309.39	140.12	44.296	39.974	three	2
35	318.38	53.763	51.859	41.055	four	3
36	289.78	244.69	58.341	34.572	four	1
36	308.97	141.3	44.296	39.974	three	2
36	317.41	54.519	51.859	41.055	four	3
37	289.34	245.88	58.341	34.572	four	1
37	308.56	142.49	44.296	39.974	three	2
37	316.43	55.276	51.859	41.055	four	3
38	288.89	247.07	58.341	34.572	four	1
38	308.14	143.67	44.296	39.974	three	2
38	315.46	56.032	51.859	41.055	four	3
39	288.44	248.26	58.341	34.572	four	1
39	307.72	144.86	44.296	39.974	three	2
39	314.49	56.788	51.859	41.055	four	3
40	287.99	249.45	58.341	34.572	four	1
40	307.31	146.04	44.296	39.974	three	2
40	313.52	57.544	51.859	41.055	four	3
41	287.55	250.65	58.341	34.572	four	1
41	306.89	147.22	44.296	39.974	three	2
41	312.55	58.301	51.859	41.055	four	3
42	287.1	251.84	58.341	34.572	four	1
42	306.48	148.41	44.296	39.974	three	2
42	312	59.705	51.859	41.055	four	3
43	286.65	253.03	58.341	34.572	four	1
43	306.06	149.59	44.296	39.974	three	2
43	311.46	61.11	51.859	41.055	four	3
44	286.21	254.22	58.341	34.572	four	1
44	305.65	150.78	44.296	39.974	three	2
44	310.92	62.514	51.859	41.055	four	3
45	285.76	255.42	58.341	34.572	four	1
45	305.23	151.96	44.296	39.974	three	2
45	310.38	63.919	51.859	41.055	four	3
46	285.31	256.61	58.341	34.572	four	1
46	304.82	153.15	44.296	39.974	three	2
46	309.84	65.323	51.859	41.055	four	3
47	284.86	257.8	58.341	34.572	four	1
47	304.4	154.33	44.296	39.974	three	2
47	309.3	66.728	51.859	41.055	four	3
48	284.42	258.99	58.341	34.572	four	1
48	303.99	155.51	44.296	39.974	three	2
48	308.76	68.132	51.859	41.055	four	3
49	283.97	260.18	58.341	34.572	four	1
49	303.57	156.7	44.296	39.974	three	2
49	308.22	69.537	51.859	41.055	four	3
50	283.52	261.38	58.341	34.572	four	1
50	303.15	157.88	44.296	39.974	three	2
50	307.68	70.941	51.859	41.055	four	3
51	283.08	262.57	58.341	34.572	four	1
51	302.74	159.07	44.296	39.974	three	2
51	307.14	72.346	51.859	41.055	four	3
51	297.42	2.1206	57.26	25.929	three	5
52	282.63	263.76	58.341	34.572	four	1
52	302.32	160.25	44.296	39.974	three	2
52	307.58	73.858	51.859	41.055	four	3
52	297.27	2.1806	57.17	27.01	three	5
53	282.18	264.95	58.341	34.572	four	1
53	301.91	161.44	44.296	39.974	three	2
53	308.01	75.371	51.859	41.055	four	3
53	297.12	2.2406	57.08	28.09	three	5
54	281.74	266.14	58.341	34.572	four	1
54	301.49	162.62	44.296	39.974	three	2
54	308.44	76.883	51.859	41.055	four	3
54	296.97	2.3006	56.99	29.17	three	5
55	281.29	267.34	58.341	34.572	four	1
55	301.08	163.8	44.296	39.974	three	2
55	308.87	78.396	51.859	41.055	four	3
55	296.82	2.3607	56.9	30.251	three	5
56	280.84	268.53	58.341	34.572	four	1
56	300.66	164.99	44.296	39.974	three	2
56	309.3	79.908	51.859	41.055	four	3
56	296.67	2.4207	56.81	31.331	three	5
57	280.39	269.72	58.341	34.572	four	1
57	300.25	166.17	44.296	39.974	three	2
57	309.3	80.989	51.859	41.055	four	3
57	296.52	2.4807	56.72	32.412	three	5
58	279.95	270.91	58.341	34.572	four	1
58	299.83	167.36	44.296	39.974	three	2
58	309.3	82.069	51.859	41.055	four	3
58	384.93	5.3617	24.849	20.527	six	4
58	296.37	2.5407	56.63	33.492	three	5
59	279.5	272.11	58.341	34.572	four	1
59	299.41	168.54	44.296	39.974	three	2
59	309.3	83.15	51.859	41.055	four	3
59	384.93	5.3617	24.849	23.048	six	4
59	296.22	2.6008	56.54	34.572	three	5
60	279.05	273.3	58.341	34.572	four	1
60	299	169.73	44.296	39.974	three	2
60	309.3	84.23	51.859	41.055	four	3
60	384.93	5.3617	24.849	25.569	six	4
60	296.07	2.6608	56.45	35.653	three	5
61	279.05	274.11	58.341	34.572	four	1
61	298.58	170.91	44.296	39.974	three	2
61	309.3	85.31	51.859	41.055	four	3
61	384.93	5.3617	24.849	28.09	six	4
61	295.92	2.7023	56.36	36.752	three	5
62	279.05	274.92	58.341	34.572	four	1
62	298.17	172.09	44.296	39.974	three	2
62	309.3	86.391	51.859	41.055	four	3
62	382.5	5.3617	28.63	28.09	six	4
62	295.77	2.7439	56.27	37.85	three	5
63	279.05	275.73	58.341	34.572	four	1
63	297.75	173.28	44.296	39.974	three	2
63	308.89	87.388	51.859	41.055	four	3
63	380.07	5.3617	32.412	28.09	six	4
63	295.62	2.7854	56.18	38.949	three	5
64	279.05	276.54	58.341	34.572	four	1
64	297.34	174.46	44.296	39.974	three	2
64	308.47	88.385	51.859	41.055	four	3
64	377.64	5.3617	36.193	28.09	six	4
64	295.47	2.827	56.09	40.048	three	5
65	278.4	277.4	58.341	34.572	four	1
65	296.92	175.65	44.296	39.974	three	2
65	308.06	89.383	51.859	41.055	four	3
65	375.21	5.3617	39.974	28.09	six	4
65	295.32	2.8685	56	41.147	three	5
66	277.76	278.27	58.341	34.572	four	1
66	296.51	176.83	44.296	39.974	three	2
66	307.64	90.38	51.859	41.055	four	3
66	375.21	5.3617	39.974	29.651	six	4
66	295.17	2.9101	55.91	42.246	three	5
67	277.11	279.13	58.341	34.572	four	1
67	296.09	178.02	44.296	39.974	three	2
67	307.23	91.377	51.859	41.055	four	3
67	375.21	5.3617	39.974	31.211	six	4
67	295.02	2.9516	55.82	43.345	three	5
68	276.46	280	58.341	34.572	four	1
68	295.67	179.2	44.296	39.974	three	2
68	306.81	92.374	51.859	41.055	four	3
68	375.21	5.3617	39.974	32.772	six	4
68	294.87	2.9932	55.73	44.444	three	5
69	275.81	280.86	58.341	34.572	four	1
69	295.26	180.38	44.296	39.974	three	2
69	306.4	93.372	51.859	41.055	four	3
69	375.21	5.3617	39.974	34.332	six	4
69	294.72	3.0348	55.64	45.542	three	5
70	275.45	282.3	58.341	34.572	four	1
70	295.08	181.28	44.296	39.974	three	2
70	305.98	94.369	51.859	41.055	four	3
70	375.21	5.3617	39.974	35.893	six	4
70	294.57	3.0763	55.55	46.641	three	5
71	275.09	283.74	58.341	34.572	four	1
71	294.9	182.18	44.296	39.974	three	2
71	305.56	95.366	51.859	41.055	four	3
71	375.21	5.3617	39.974	37.453	six	4
71	294.42	3.1179	55.46	47.74	three	5
72	274.73	285.18	58.341	34.572	four	1
72	294.72	183.09	44.296	39.974	three	2
72	305.15	96.363	51.859	41.055	four	3
72	375.21	5.3617	39.974	39.014	six	4
72	294.27	3.1594	55.37	48.839	three	5
73	274.37	286.62	58.341	34.572	four	1
73	294.54	183.99	44.296	39.974	three	2
73	304.73	97.361	51.859	41.055	four	3
73	375.21	5.3617	39.974	40.574	six	4
73	294.12	3.201	55.28	49.938	three	5
74	274.01	288.06	58.341	34.572	four	1
74	294.36	184.89	44.296	39.974	three	2
74	304.32	98.358	51.859	41.055	four	3
74	375.21	5.3617	39.974	42.135	six	4
74	293.97	2.0434	55.19	52.236	three	5
75	273.65	289.5	58.341	34.572	four	1
75	294.18	185.79	44.296	39.974	three	2
75	303.9	99.355	51.859	41.055	four	3
75	375.21	5.3617	39.974	44.026	six	4
75	293.82	3.2128	55.1	52.207	three	5
76	273.65	290.22	58.341	34.572	four	1
76	294.18	186.69	44.296	39.974	three	2
76	304.08	100.26	51.859	41.055	four	3
76	375.21	5.3617	39.974	45.916	six	4
76	293.67	4.3823	55.01	52.178	three	5
77	273.65	290.94	58.341	34.572	four	1
77	294.18	187.59	44.296	39.974	three	2
77	304.26	101.16	51.859	41.055	four	3
77	375.21	5.3617	39.974	47.807	six	4
77	293.52	5.5517	54.92	52.149	three	5
78	273.65	291.66	58.341	34.572	four	1
78	294.18	188.49	44.296	39.974	three	2
78	304.44	102.06	51.859	41.055	four	3
78	375.21	5.3617	39.974	49.698	six	4
78	293.37	6.7211	54.83	52.12	three	5
79	273.65	292.38	58.341	34.572	four	1
79	294.18	189.39	44.296	39.974	three	2
79	304.62	102.96	51.859	41.055	four	3
79	374.78	6.01	39.974	49.698	six	4
79	293.22	7.8906	54.74	52.091	three	5
80	273.65	293.1	58.341	34.572	four	1
80	294.18	190.29	44.296	39.974	three	2
80	304.8	103.86	51.859	41.055	four	3
80	374.34	6.6582	39.974	49.698	six	4
80	293.07	9.06	54.65	52.062	three	5
81	273.65	293.82	58.341	34.572	four	1
81	294.18	191.19	44.296	39.974	three	2
81	304.98	104.76	51.859	41.055	four	3
81	373.91	7.3064	39.974	49.698	six	4
81	292.92	10.229	54.559	52.033	three	5
82	273.65	295.27	58.341	34.572	four	1
82	293.82	192.81	44.296	39.974	three	2
82	304.62	106.38	51.859	41.055	four	3
82	373.48	7.9547	39.974	49.698	six	4
82	292.77	11.399	54.469	52.004	three	5
83	273.65	296.71	58.341	34.572	four	1
83	293.46	194.43	44.296	39.974	three	2
83	304.26	108	51.859	41.055	four	3
83	373.05	8.6029	39.974	49.698	six	4
83	292.62	12.568	54.379	51.975	three	5
84	273.65	298.15	58.341	34.572	four	1
84	293.1	196.05	44.296	39.974	three	2
84	303.9	109.62	51.859	41.055	four	3
84	371.97	11.844	39.974	50.778	six	4
84	292.47	13.738	54.289	51.946	three	5
85	273.65	299.59	58.341	34.572	four	1
85	292.74	197.67	44.296	39.974	three	2
85	303.54	111.24	51.859	41.055	four	3
85	371.97	13.195	39.974	51.859	six	4
85	292.32	14.907	54.199	51.917	three	5
86	273.65	301.03	58.341	34.572	four	1
86	292.38	199.29	44.296	39.974	three	2
86	303.18	112.86	51.859	41.055	four	3
86	371.97	14.545	39.974	52.939	six	4
86	292.17	16.077	54.109	51.888	three	5
87	273.65	302.47	58.341	34.572	four	1
87	292.02	200.91	44.296	39.974	three	2
87	302.82	114.48	51.859	41.055	four	3
87	371.97	15.895	39.974	54.019	six	4
87	292.02	17.246	54.019	51.859	three	5
88	274.73	297.07	58.341	34.572	four	1
88	294.18	203.07	44.296	39.974	three	2
88	302.32	115.56	51.859	41.055	four	3
88	371.97	17.246	39.974	55.1	six	4
88	291.69	18.409	54.019	51.859	three	5
89	274.55	298.87	57.801	33.492	four	1
89	294	204.06	44.296	39.974	three	2
89	301.82	116.64	51.859	41.055	four	3
89	371.34	18.957	39.974	55.1	six	4
89	291.35	19.573	54.019	51.859	three	5
90	274.37	300.67	57.26	32.412	four	1
90	293.82	205.05	44.296	39.974	three	2
90	301.33	117.72	51.859	41.055	four	3
90	370.71	20.667	39.974	55.1	six	4
90	291.02	20.736	54.019	51.859	three	5
91	274.19	302.47	56.72	31.331	four	1
91	293.64	206.04	44.296	39.974	three	2
91	300.83	118.8	51.859	41.055	four	3
91	370.08	22.378	39.974	55.1	six	4
91	290.69	21.9	54.019	51.859	three	5
92	274.01	304.27	56.18	30.251	four	1
92	293.46	207.03	44.296	39.974	three	2
92	300.33	119.88	51.859	41.055	four	3
92	369.45	24.088	39.974	55.1	six	4
92	290.36	23.063	54.019	51.859	three	5
93	273.83	306.07	55.64	29.17	four	1
93	293.28	208.02	44.296	39.974	three	2
93	299.83	120.96	51.859	41.055	four	3
93	368.82	25.799	39.974	55.1	six	4
93	290.02	24.227	54.019	51.859	three	5
94	273.65	307.87	55.1	28.09	four	1
94	293.1	209.01	44.296	39.974	three	2
94	299.33	122.04	51.859	41.055	four	3
94	368.18	27.51	39.974	55.1	six	4
94	289.69	25.39	54.019	51.859	three	5
95	273.47	309.67	54.559	27.01	four	1
95	292.92	210	44.296	39.974	three	2
95	298.83	123.12	51.859	41.055	four	3
95	367.55	29.22	39.974	55.1	six	4
95	289.36	26.554	54.019	51.859	three	5
96	273.29	311.47	54.019	25.929	four	1
96	292.74	211	44.296	39.974	three	2
96	298.33	124.2	51.859	41.055	four	3
96	366.92	30.931	39.974	55.1	six	4
96	289.03	27.717	54.019	51.859	three	5
97	273.11	313.27	53.479	24.849	four	1
97	292.56	211.99	44.296	39.974	three	2
97	297.84	125.28	51.859	41.055	four	3
97	366.29	32.641	39.974	55.1	six	4
97	288.69	28.881	54.019	51.859	three	5
98	272.93	315.07	52.939	23.768	four	1
98	292.38	212.98	44.296	39.974	three	2
98	297.34	126.36	51.859	41.055	four	3
98	365.66	34.352	39.974	55.1	six	4
98	288.36	30.044	54.019	51.859	three	5
99	272.75	316.87	52.399	22.688	four	1
99	292.2	213.97	44.296	39.974	three	2
99	296.84	127.45	51.859	41.055	four	3
99	365.03	36.063	39.974	55.1	six	4
99	288.03	31.208	54.019	51.859	three	5
100	272.57	318.67	51.859	21.608	four	1
100	292.02	214.96	44.296	39.974	three	2
100	296.34	128.53	51.859	41.055	four	3
100	364.4	37.773	39.974	55.1	six	4
100	287.7	32.371	54.019	51.859	three	5
101	291.89	216.34	44.296	39.974	three	2
101	296.34	129.78	51.859	41.055	four	3
101	364.25	39.78	39.974	55.1	six	4
101	287.48	33.625	54.149	51.859	three	5
102	291.76	217.72	44.296	39.974	three	2
102	296.34	131.03	51.859	41.055	four	3
102	364.09	41.786	39.974	55.1	six	4
102	287.26	34.878	54.279	51.859	three	5
103	291.63	219.11	44.296	39.974	three	2
103	296.34	132.29	51.859	41.055	four	3
103	363.94	43.793	39.974	55.1	six	4
103	287.05	36.131	54.408	51.859	three	5
104	291.5	220.49	44.296	39.974	three	2
104	296.34	133.54	51.859	41.055	four	3
104	363.79	45.799	39.974	55.1	six	4
104	286.83	37.384	54.538	51.859	three	5
105	291.37	221.87	44.296	39.974	three	2
105	296.34	134.79	51.859	41.055	four	3
105	363.63	47.805	39.974	55.1	six	4
105	286.62	38.638	54.668	51.859	three	5
106	291.24	223.25	44.296	39.974	three	2
106	296.34	136.05	51.859	41.055	four	3
106	363.48	49.812	39.974	55.1	six	4
106	286.4	39.891	54.797	51.859	three	5
107	291.11	224.64	44.296	39.974	three	2
107	296.34	137.3	51.859	41.055	four	3
107	363.32	51.818	39.974	55.1	six	4
107	286.18	41.144	54.927	51.859	three	5
108	290.98	226.02	44.296	39.974	three	2
108	296.34	138.55	51.859	41.055	four	3
108	363.17	53.825	39.974	55.1	six	4
108	285.97	42.397	55.056	51.859	three	5
109	290.85	227.4	44.296	39.974	three	2
109	296.34	139.8	51.859	41.055	four	3
109	363.01	55.831	39.974	55.1	six	4
109	285.75	43.651	55.186	51.859	three	5
110	290.72	228.79	44.296	39.974	three	2
110	296.34	141.06	51.859	41.055	four	3
110	362.86	57.838	39.974	55.1	six	4
110	285.54	44.904	55.316	51.859	three	5
111	290.59	230.17	44.296	39.974	three	2
111	296.34	142.31	51.859	41.055	four	3
111	362.71	59.844	39.974	55.1	six	4
111	285.32	46.157	55.445	51.859	three	5
112	290.46	231.55	44.296	39.974	three	2
112	296.34	143.56	51.859	41.055	four	3
112	362.55	61.85	39.974	55.1	six	4
112	285.1	47.41	55.575	51.859	three	5
113	290.33	232.93	44.296	39.974	three	2
113	296.34	144.82	51.859	41.055	four	3
113	362.4	63.857	39.974	55.1	six	4
113	284.89	48.664	55.705	51.859	three	5
114	290.2	234.32	44.296	39.974	three	2
114	296.34	146.07	51.859	41.055	four	3
114	362.24	65.863	39.974	55.1	six	4
114	284.67	49.917	55.834	51.859	three	5
115	290.07	235.7	44.296	39.974	three	2
115	296.34	147.32	51.859	41.055	four	3
115	361.97	67.416	39.974	55.1	six	4
115	284.45	51.17	55.964	51.859	three	5
116	289.94	237.08	44.296	39.974	three	2
116	296.34	148.58	51.859	41.055	four	3
116	361.7	68.969	39.974	55.1	six	4
116	284.24	52.423	56.094	51.859	three	5
117	289.81	238.47	44.296	39.974	three	2
117	296.34	149.83	51.859	41.055	four	3
117	361.43	70.523	39.974	55.1	six	4
117	284.02	53.677	56.223	51.859	three	5
118	289.68	239.85	44.296	39.974	three	2
118	296.34	151.08	51.859	41.055	four	3
118	361.16	72.076	39.974	55.1	six	4
118	283.81	54.93	56.353	51.859	three	5
119	289.55	241.23	44.296	39.974	three	2
119	296.34	152.34	51.859	41.055	four	3
119	360.89	73.629	39.974	55.1	six	4
119	283.59	56.183	56.483	51.859	three	5
120	289.42	242.61	44.296	39.974	three	2
120	296.34	153.59	51.859	41.055	four	3
120	360.62	75.182	39.974	55.1	six	4
120	283.37	57.436	56.612	51.859	three	5
121	289.3	244	44.296	39.974	three	2
121	296.34	154.84	51.859	41.055	four	3
121	360.35	76.735	39.974	55.1	six	4
121	283.16	58.69	56.742	51.859	three	5
122	289.17	245.38	44.296	39.974	three	2
122	296.34	156.1	51.859	41.055	four	3
122	360.08	78.288	39.974	55.1	six	4
122	282.94	59.943	56.872	51.859	three	5
123	289.04	246.76	44.296	39.974	three	2
123	296.34	157.35	51.859	41.055	four	3
123	359.81	79.841	39.974	55.1	six	4
123	282.73	61.196	57.001	51.859	three	5
124	288.91	248.15	44.296	39.974	three	2
124	296.34	158.6	51.859	41.055	four	3
124	359.54	81.394	39.974	55.1	six	4
124	282.51	62.449	57.131	51.859	three	5
125	288.78	249.53	44.296	39.974	three	2
125	296.34	159.86	51.859	41.055	four	3
125	359.27	82.947	39.974	55.1	six	4
125	282.29	63.703	57.26	51.859	three	5
126	288.24	250.25	44.296	39.974	three	2
126	296.34	160.76	51.859	41.055	four	3
126	359	84.5	39.974	55.1	six	4
126	281.75	64.423	57.26	51.859	three	5
127	287.7	250.97	44.296	39.974	three	2
127	296.34	161.66	51.859	41.055	four	3
127	358.73	86.053	39.974	55.1	six	4
127	281.21	65.143	57.26	51.859	three	5
128	287.16	251.69	44.296	39.974	three	2
128	296.34	162.56	51.859	41.055	four	3
128	358.46	87.606	39.974	55.1	six	4
128	280.67	65.863	57.26	51.859	three	5
129	286.62	252.41	44.296	39.974	three	2
129	296.34	163.46	51.859	41.055	four	3
129	358.19	89.159	39.974	55.1	six	4
129	280.13	66.584	57.26	51.859	three	5
130	286.08	253.13	44.296	39.974	three	2
130	296.34	164.36	51.859	41.055	four	3
130	357.92	90.712	39.974	55.1	six	4
130	279.59	67.304	57.26	51.859	three	5
131	285.54	253.85	44.296	39.974	three	2
131	296.34	165.26	51.859	41.055	four	3
131	357.38	92.063	39.974	55.1	six	4
131	279.05	68.024	57.26	51.859	three	5
132	284.92	254.62	44.296	39.974	three	2
132	295.88	166.18	51.859	41.055	four	3
132	356.84	93.413	39.974	55.1	six	4
132	278.59	68.95	57.26	51.859	three	5
133	284.3	255.39	44.296	39.974	three	2
133	295.41	167.11	51.859	41.055	four	3
133	356.3	94.764	39.974	55.1	six	4
133	278.13	69.876	57.26	51.859	three	5
134	283.68	256.17	44.296	39.974	three	2
134	294.95	168.04	51.859	41.055	four	3
134	355.76	96.114	39.974	55.1	six	4
134	277.66	70.802	57.26	51.859	three	5
135	283.07	256.94	44.296	39.974	three	2
135	294.49	168.96	51.859	41.055	four	3
135	355.22	97.465	39.974	55.1	six	4
135	277.2	71.728	57.26	51.859	three	5
136	282.45	257.71	44.296	39.974	three	2
136	294.02	169.89	51.859	41.055	four	3
136	354.68	98.815	39.974	55.1	six	4
136	276.74	72.654	57.26	51.859	three	5
137	281.83	258.48	44.296	39.974	three	2
137	293.56	170.82	51.859	41.055	four	3
137	354.14	100.17	39.974	55.1	six	4
137	276.27	73.58	57.26	51.859	three	5
138	281.21	259.25	44.296	39.974	three	2
138	293.1	171.74	51.859	41.055	four	3
138	353.6	101.52	39.974	55.1	six	4
138	275.81	74.506	57.26	51.859	three	5
139	280.94	260.6	44.296	39.974	three	2
139	292.94	172.36	51.859	41.055	four	3
139	353.06	102.87	39.974	55.1	six	4
139	275	75.047	57.26	51.859	three	5
140	280.67	261.95	44.296	39.974	three	2
140	292.79	172.98	51.859	41.055	four	3
140	352.52	104.22	39.974	55.1	six	4
140	274.19	75.587	57.26	51.859	three	5
141	280.4	263.3	44.296	39.974	three	2
141	292.64	173.59	51.859	41.055	four	3
141	351.98	105.57	39.974	55.1	six	4
141	273.38	76.127	57.26	51.859	three	5
142	280.13	264.65	44.296	39.974	three	2
142	292.48	174.21	51.859	41.055	four	3
142	351.44	106.92	39.974	55.1	six	4
142	272.57	76.667	57.26	51.859	three	5
143	279.77	265.73	44.296	39.974	three	2
143	292.33	174.83	51.859	41.055	four	3
143	350.9	108.27	39.974	55.1	six	4
143	272.3	77.838	57.26	51.859	three	5
144	279.41	266.82	44.296	39.974	three	2
144	292.17	175.45	51.859	41.055	four	3
144	350.36	109.62	39.974	55.1	six	4
144	272.03	79.008	57.26	51.859	three	5
145	279.05	267.9	44.296	39.974	three	2
145	292.02	176.06	51.859	41.055	four	3
145	349.82	110.97	39.974	55.1	six	4
145	271.76	80.178	57.26	51.859	three	5
146	278.62	269.11	44.296	39.974	three	2
146	349.28	112.32	39.974	55.1	six	4
146	271.49	81.349	57.26	51.859	three	5
147	278.19	270.32	44.296	39.974	three	2
147	348.74	113.67	39.974	55.1	six	4
147	271.22	82.519	57.26	51.859	three	5
148	277.76	271.53	44.296	39.974	three	2
148	348.2	115.02	39.974	55.1	six	4
148	270.95	83.69	57.26	51.859	three	5
149	277.32	272.74	44.296	39.974	three	2
149	347.66	116.37	39.974	55.1	six	4
149	270.68	84.86	57.26	51.859	three	5
150	276.89	273.95	44.296	39.974	three	2
150	347.12	117.72	39.974	55.1	six	4
150	270.41	86.031	57.26	51.859	three	5
151	276.46	275.16	44.296	39.974	three	2
151	346.58	119.48	39.974	55.1	six	4
151	270.14	87.201	57.26	51.859	three	5
152	276.03	276.37	44.296	39.974	three	2
152	346.04	121.23	39.974	55.1	six	4
152	269.87	88.371	57.26	51.859	three	5
153	275.6	277.58	44.296	39.974	three	2
153	345.5	122.99	39.974	55.1	six	4
153	269.6	89.542	57.26	51.859	three	5
154	275.16	278.79	44.296	39.974	three	2
154	344.96	124.74	39.974	55.1	six	4
154	269.33	90.712	57.26	51.859	three	5
155	274.73	280	44.296	39.974	three	2
155	344.42	126.5	39.974	55.1	six	4
155	269.06	91.928	57.26	51.859	three	5
156	274.3	281.21	44.296	39.974	three	2
156	343.88	128.26	39.974	55.1	six	4
156	268.79	93.143	57.26	51.859	three	5
157	273.87	282.42	44.296	39.974	three	2
157	343.34	130.01	39.974	55.1	six	4
157	268.52	94.359	57.26	51.859	three	5
158	273.44	283.63	44.296	39.974	three	2
158	342.8	131.77	39.974	55.1	six	4
158	268.25	95.574	57.26	51.859	three	5
159	273	284.84	44.296	39.974	three	2
159	342.26	133.52	39.974	55.1	six	4
159	267.98	96.789	57.26	51.859	three	5
160	272.57	286.05	44.296	39.974	three	2
160	341.72	135.28	39.974	55.1	six	4
160	267.71	98.005	57.26	51.859	three	5
161	272.14	287.26	44.296	39.974	three	2
161	341.18	137.03	39.974	55.1	six	4
161	267.44	99.22	57.26	51.859	three	5
162	271.71	288.47	44.296	39.974	three	2
162	340.64	138.79	39.974	55.1	six	4
162	267.17	100.44	57.26	51.859	three	5
163	271.27	289.68	44.296	39.974	three	2
163	340.09	140.55	39.974	55.1	six	4
163	266.9	101.65	57.26	51.859	three	5
164	270.84	290.89	44.296	39.974	three	2
164	339.55	142.3	39.974	55.1	six	4
164	266.63	102.87	57.26	51.859	three	5
165	270.41	292.1	44.296	39.974	three	2
165	339.01	144.06	39.974	55.1	six	4
165	266.36	104.08	57.26	51.859	three	5
166	269.98	293.31	44.296	39.974	three	2
166	338.47	145.81	39.974	55.1	six	4
166	266.09	105.3	57.26	51.859	three	5
167	269.55	294.52	44.296	39.974	three	2
167	338.47	147.47	39.974	53.587	six	4
167	265.82	106.51	57.26	51.859	three	5
168	269.11	295.73	44.296	39.974	three	2
168	338.47	149.13	39.974	52.075	six	4
168	265.55	107.73	57.26	51.859	three	5
169	268.68	296.94	44.296	39.974	three	2
169	338.47	150.78	39.974	50.562	six	4
169	265.28	108.94	57.26	51.859	three	5
170	268.25	298.15	44.296	39.974	three	2
170	338.47	152.44	39.974	49.05	six	4
170	265.01	110.16	57.26	51.859	three	5
171	268.25	299.59	44.296	37.994	three	2
171	338.47	154.09	39.974	47.537	six	4
171	264.76	111.28	57.26	51.859	three	5
172	268.25	301.03	44.296	36.013	three	2
172	338.47	155.75	39.974	46.024	six	4
172	264.5	112.39	57.26	51.859	three	5
173	268.25	302.47	44.296	34.032	three	2
173	338.47	157.41	39.974	44.512	six	4
173	264.25	113.51	57.26	51.859	three	5
174	268.25	303.91	44.296	32.051	three	2
174	338.47	159.06	39.974	42.999	six	4
174	264	114.62	57.26	51.859	three	5
175	268.25	305.35	44.296	30.071	three	2
175	338.47	160.72	39.974	41.487	six	4
175	263.75	115.74	57.26	51.859	three	5
176	268.25	306.79	44.296	28.09	three	2
176	338.47	162.38	39.974	39.974	six	4
176	263.5	116.86	57.26	51.859	three	5
177	268.25	308.95	44.296	25.929	three	2
177	338.47	164.03	39.974	38.462	six	4
177	263.24	117.97	57.26	51.859	three	5
178	268.25	311.11	44.296	23.768	three	2
178	338.47	165.69	39.974	36.949	six	4
178	262.99	119.09	57.26	51.859	three	5
179	268.25	311.73	44.296	23.151	three	2
179	338.47	167.35	39.974	35.437	six	4
179	262.74	120.21	57.26	51.859	three	5
180	268.25	312.35	44.296	22.534	three	2
180	338.47	169	39.974	33.924	six	4
180	262.49	121.32	57.26	51.859	three	5
181	268.25	312.96	44.296	21.916	three	2
181	338.47	170.66	39.974	32.412	six	4
181	262.24	122.44	57.26	51.859	three	5
182	268.25	313.58	44.296	21.299	three	2
182	261.98	123.56	57.26	51.859	three	5
183	268.25	314.2	44.296	20.682	three	2
183	261.73	124.67	57.26	51.859	three	5
184	268.25	314.82	44.296	20.064	three	2
184	261.48	125.79	57.26	51.859	three	5
185	268.25	315.43	44.296	19.447	three	2
185	261.23	126.91	57.26	51.859	three	5
186	260.97	128.02	57.26	51.859	three	5
187	260.72	129.14	57.26	51.859	three	5
188	260.47	130.25	57.26	51.859	three	5
189	260.22	131.37	57.26	51.859	three	5
190	259.97	132.49	57.26	51.859	three	5
191	259.71	133.6	57.26	51.859	three	5
192	259.46	134.72	57.26	51.859	three	5
193	259.21	135.84	57.26	51.859	three	5
194	258.96	136.95	57.26	51.859	three	5
195	258.71	138.07	57.26	51.859	three	5
196	258.45	139.19	57.26	51.859	three	5
197	258.2	140.3	57.26	51.859	three	5
198	257.95	141.42	57.26	51.859	three	5
199	257.7	142.53	57.26	51.859	three	5
200	257.45	143.65	57.26	51.859	three	5
201	257.06	144.96	57.26	51.859	three	5
202	256.67	146.27	57.26	51.859	three	5
203	256.29	147.59	57.26	51.859	three	5
204	255.9	148.9	57.26	51.859	three	5
205	255.52	150.21	57.26	51.859	three	5
206	255.13	151.52	57.26	51.859	three	5
207	254.74	152.83	57.26	51.859	three	5
208	254.36	154.15	57.26	51.859	three	5
209	253.97	155.46	57.26	51.859	three	5
210	253.59	156.77	57.26	51.859	three	5
211	253.2	158.08	57.26	51.859	three	5
212	252.82	159.39	57.26	51.859	three	5
213	252.43	160.71	57.26	51.859	three	5
214	252.04	162.02	57.26	51.859	three	5
215	252.04	163.5	57.26	51.859	three	5
216	252.04	164.99	57.26	51.859	three	5
217	252.04	166.47	57.26	51.859	three	5
218	252.04	167.96	57.26	51.859	three	5
219	252.04	169.45	57.26	51.859	three	5
220	252.04	170.93	57.26	51.859	three	5
221	252.04	172.42	57.26	51.859	three	5
222	252.04	173.9	57.26	51.859	three	5
223	251.23	174.31	57.26	51.859	three	5
224	250.42	174.71	57.26	51.859	three	5
225	249.61	175.12	57.26	51.859	three	5
226	248.8	175.52	57.26	51.859	three	5
226	366.56	4.2814	43.215	16.206	three	6
227	247.99	175.93	57.26	51.859	three	5
227	365.8	4.3128	43.215	17.095	three	6
228	247.18	176.33	57.26	51.859	three	5
228	365.04	4.3442	43.215	17.984	three	6
229	246.37	176.74	57.26	51.859	three	5
229	364.28	4.3757	43.215	18.872	three	6
230	245.56	177.14	57.26	51.859	three	5
230	363.52	4.4071	43.215	19.761	three	6
231	245.39	178.45	57.26	51.006	three	5
231	362.76	4.4385	43.215	20.65	three	6
232	245.22	179.76	57.26	50.153	three	5
232	362	4.47	43.215	21.539	three	6
233	245.05	181.07	57.26	49.3	three	5
233	361.24	4.5014	43.215	22.428	three	6
234	244.88	182.37	57.26	48.447	three	5
234	360.48	4.5634	43.215	23.286	three	6
235	244.71	183.68	57.26	47.594	three	5
235	359.72	4.6254	43.215	24.145	three	6
236	244.54	184.99	57.26	46.741	three	5
236	358.96	4.6874	43.215	25.003	three	6
237	244.37	186.3	57.26	45.888	three	5
237	358.2	4.7493	43.215	25.861	three	6
238	244.2	187.61	57.26	45.035	three	5
238	357.44	4.8113	43.215	26.72	three	6
239	244.03	188.91	57.26	44.182	three	5
239	356.68	4.8733	43.215	27.578	three	6
240	243.86	190.22	57.26	43.329	three	5
240	355.92	4.9353	43.215	28.436	three	6
241	243.68	191.53	57.26	42.476	three	5
241	355.16	4.9973	43.215	29.295	three	6
242	243.51	192.84	57.26	41.623	three	5
242	354.4	5.0592	43.215	30.153	three	6
243	243.34	194.14	57.26	40.77	three	5
243	353.64	5.1212	43.215	31.012	three	6
244	243.17	195.45	57.26	39.917	three	5
244	352.96	5.0132	43.215	31.209	three	6
245	243	196.76	57.26	39.064	three	5
245	352.29	4.9051	43.215	31.406	three	6
246	242.83	198.07	57.26	38.212	three	5
246	351.61	4.7971	43.215	31.603	three	6
247	242.66	199.38	57.26	37.359	three	5
247	350.93	4.689	43.215	31.801	three	6
248	242.49	200.68	57.26	36.506	three	5
248	350.25	4.581	43.215	31.998	three	6
249	242.32	201.99	57.26	35.653	three	5
249	349.58	4.4729	43.215	32.195	three	6
250	242.15	203.49	57.094	35.653	three	5
250	348.9	4.3649	43.215	32.393	three	6
251	241.99	204.98	56.928	35.653	three	5
251	348.22	4.2568	43.215	32.59	three	6
252	241.82	206.48	56.762	35.653	three	5
252	347.55	4.1488	43.215	32.787	three	6
253	241.66	207.98	56.596	35.653	three	5
253	346.87	4.0407	43.215	32.985	three	6
254	241.49	209.47	56.429	35.653	three	5
254	346.19	3.9327	43.215	33.182	three	6
255	241.32	210.97	56.263	35.653	three	5
255	345.51	3.8246	43.215	33.379	three	6
256	241.16	212.46	56.097	35.653	three	5
256	344.84	3.7165	43.215	33.577	three	6
257	240.99	213.96	55.931	35.653	three	5
257	343.57	3.888	43.215	34.776	three	6
258	240.82	215.46	55.765	35.653	three	5
258	342.3	4.0594	43.215	35.975	three	6
259	240.66	216.95	55.598	35.653	three	5
259	341.03	4.2309	43.215	37.174	three	6
260	240.49	218.45	55.432	35.653	three	5
260	339.76	4.4023	43.215	38.373	three	6
261	240.33	219.94	55.266	35.653	three	5
261	338.49	4.5738	43.215	39.572	three	6
262	240.16	221.44	55.1	35.653	three	5
262	337.23	4.7452	43.215	40.771	three	6
263	240.23	222.81	54.812	35.653	three	5
263	335.96	4.9167	43.215	41.97	three	6
264	240.3	224.18	54.523	35.653	three	5
264	335.34	5.9597	43.215	42.297	three	6
265	240.38	225.54	54.235	35.653	three	5
265	334.73	7.0027	43.215	42.625	three	6
266	240.45	226.91	53.947	35.653	three	5
266	334.11	8.0457	43.215	42.952	three	6
267	240.52	228.28	53.659	35.653	three	5
267	333.5	9.0887	43.215	43.28	three	6
268	240.59	229.65	53.371	35.653	three	5
268	332.89	10.132	43.215	43.607	three	6
269	240.66	231.02	53.083	35.653	three	5
269	332.27	11.175	43.215	43.935	three	6
270	240.74	232.39	52.795	35.653	three	5
270	331.66	12.218	43.215	44.262	three	6
271	240.81	233.76	52.507	35.653	three	5
271	331.04	13.261	43.215	44.59	three	6
272	240.88	235.12	52.219	35.653	three	5
272	330.43	14.304	43.215	44.917	three	6
273	240.95	236.49	51.931	35.653	three	5
273	329.81	15.347	43.215	45.245	three	6
273	227.19	4.2814	51.859	20.527	five	7
274	241.02	237.86	51.642	35.653	three	5
274	329.2	16.39	43.215	45.572	three	6
274	225.96	4.4357	51.859	21.762	five	7
275	241.1	239.23	51.354	35.653	three	5
275	328.58	17.433	43.215	45.9	three	6
275	224.73	4.59	51.859	22.997	five	7
276	241.17	240.6	51.066	35.653	three	5
276	327.97	18.476	43.215	46.227	three	6
276	223.49	4.7444	51.859	24.232	five	7
277	241.24	241.97	50.778	35.653	three	5
277	327.35	19.519	43.215	46.555	three	6
277	222.26	4.8987	51.859	25.466	five	7
278	241.24	243.12	50.562	35.293	three	5
278	326.74	20.562	43.215	46.882	three	6
278	221.02	5.0531	51.859	26.701	five	7
279	241.24	244.27	50.346	34.932	three	5
279	326.12	21.605	43.215	47.21	three	6
279	219.79	5.2074	51.859	27.936	five	7
280	241.24	245.42	50.13	34.572	three	5
280	325.51	22.648	43.215	47.537	three	6
280	218.55	5.3617	51.859	29.17	five	7
281	241.24	246.58	49.914	34.212	three	5
281	324.43	21.568	43.215	47.537	three	6
281	215.31	2.1206	51.859	33.492	five	7
282	241.24	247.73	49.698	33.852	three	5
282	323.62	21.838	43.215	47.537	three	6
282	215.31	2.6608	51.859	34.302	five	7
283	241.24	248.88	49.482	33.492	three	5
283	322.81	22.108	43.215	47.537	three	6
283	215.31	3.201	51.859	35.113	five	7
284	241.24	250.03	49.266	33.132	three	5
284	322	22.378	43.215	47.537	three	6
284	215.31	3.7412	51.859	35.923	five	7
285	241.24	251.19	49.05	32.772	three	5
285	321.19	22.648	43.215	47.537	three	6
285	215.31	4.2814	51.859	36.733	five	7
286	241.24	252.34	48.833	32.412	three	5
286	320.38	22.918	43.215	47.537	three	6
286	215.31	4.8215	51.859	37.543	five	7
287	241.24	253.49	48.617	32.051	three	5
287	319.57	23.188	43.215	47.537	three	6
287	215.31	5.3617	51.859	38.354	five	7
288	241.24	254.64	48.401	31.691	three	5
288	318.76	23.458	43.215	47.537	three	6
288	215.31	5.9019	51.859	39.164	five	7
289	241.24	255.8	48.185	31.331	three	5
289	317.95	23.728	43.215	47.537	three	6
289	215.31	6.4421	51.859	39.974	five	7
290	241.24	256.95	47.969	30.971	three	5
290	317.59	25.529	43.215	47.537	three	6
290	214.59	7.8826	51.859	39.974	five	7
291	241.24	258.1	47.753	30.611	three	5
291	317.23	27.33	43.215	47.537	three	6
291	213.87	9.3232	51.859	39.974	five	7
292	241.24	259.25	47.537	30.251	three	5
292	316.87	29.13	43.215	47.537	three	6
292	213.15	10.764	51.859	39.974	five	7
293	238	261.41	47.537	30.251	three	5
293	316.22	29.692	43.215	47.537	three	6
293	212.93	11.714	51.859	39.974	five	7
294	238.31	262.34	47.537	30.251	three	5
294	315.57	30.254	43.215	47.537	three	6
294	212.72	12.665	51.859	39.974	five	7
295	238.62	263.27	47.537	30.251	three	5
295	314.92	30.816	43.215	47.537	three	6
295	212.5	13.616	51.859	39.974	five	7
296	238.92	264.19	47.537	30.251	three	5
296	314.27	31.377	43.215	47.537	three	6
296	212.29	14.567	51.859	39.974	five	7
297	239.23	265.12	47.537	30.251	three	5
297	313.63	31.939	43.215	47.537	three	6
297	212.07	15.517	51.859	39.974	five	7
298	239.54	266.04	47.537	30.251	three	5
298	312.98	32.501	43.215	47.537	three	6
298	211.85	16.468	51.859	39.974	five	7
299	239.85	266.97	47.537	30.251	three	5
299	312.33	33.063	43.215	47.537	three	6
299	211.64	17.419	51.859	39.974	five	7
300	240.16	267.9	47.537	30.251	three	5
300	311.68	33.625	43.215	47.537	three	6
300	211.42	18.37	51.859	39.974	five	7
301	240.16	269.73	47.537	28.846	three	5
301	311.03	34.186	43.215	47.537	three	6
301	211.2	19.32	51.859	39.974	five	7
302	240.16	271.57	47.537	27.442	three	5
302	310.38	34.748	43.215	47.537	three	6
302	210.99	20.271	51.859	39.974	five	7
303	240.16	273.41	47.537	26.037	three	5
303	309.74	35.31	43.215	47.537	three	6
303	210.77	21.222	51.859	39.974	five	7
304	240.16	275.24	47.537	24.633	three	5
304	309.09	35.872	43.215	47.537	three	6
304	210.56	22.173	51.859	39.974	five	7
305	240.16	277.08	47.537	23.228	three	5
305	308.44	36.434	43.215	47.537	three	6
305	210.34	23.123	51.859	39.974	five	7
306	240.16	278.92	47.537	21.824	three	5
306	307.79	36.995	43.215	47.537	three	6
306	210.12	24.074	51.859	39.974	five	7
307	240.16	280.75	47.537	20.419	three	5
307	307.14	37.557	43.215	47.537	three	6
307	209.91	25.025	51.859	39.974	five	7
308	240.16	282.59	47.537	19.015	three	5
308	306.49	38.119	43.215	47.537	three	6
308	209.69	25.975	51.859	39.974	five	7
309	240.16	284.43	47.537	17.61	three	5
309	305.85	38.681	43.215	47.537	three	6
309	209.48	26.926	51.859	39.974	five	7
310	240.16	286.26	47.537	16.206	three	5
310	305.2	39.243	43.215	47.537	three	6
310	209.26	27.877	51.859	39.974	five	7
311	304.55	39.804	43.215	47.537	three	6
311	209.04	28.828	51.859	39.974	five	7
312	303.9	40.366	43.215	47.537	three	6
312	208.83	29.778	51.859	39.974	five	7
313	303.25	40.928	43.215	47.537	three	6
313	208.61	30.729	51.859	39.974	five	7
314	302.61	41.49	43.215	47.537	three	6
314	208.4	31.68	51.859	39.974	five	7
315	301.96	42.052	43.215	47.537	three	6
315	208.18	32.631	51.859	39.974	five	7
316	301.31	42.613	43.215	47.537	three	6
316	207.96	33.581	51.859	39.974	five	7
317	300.66	43.175	43.215	47.537	three	6
317	207.75	34.532	51.859	39.974	five	7
318	300.12	44.076	43.215	47.537	three	6
318	207.51	36.153	51.859	39.974	five	7
318	461.64	315.43	38.894	21.608	two	8
319	299.58	44.976	43.215	47.537	three	6
319	207.27	37.773	51.859	39.974	five	7
319	460.2	310.39	40.334	27.01	two	8
320	299.04	45.876	43.215	47.537	three	6
320	207.03	39.394	51.859	39.974	five	7
320	458.76	305.35	41.775	32.412	two	8
321	298.5	46.777	43.215	47.537	three	6
321	206.79	41.014	51.859	39.974	five	7
321	457.32	300.31	43.215	37.814	two	8
322	297.96	47.677	43.215	47.537	three	6
322	206.55	42.635	51.859	39.974	five	7
322	456.78	298.15	44.836	37.273	two	8
323	297.42	48.577	43.215	47.537	three	6
323	206.31	44.256	51.859	39.974	five	7
323	456.24	295.99	46.457	36.733	two	8
324	296.88	49.477	43.215	47.537	three	6
324	206.07	45.876	51.859	39.974	five	7
324	457.86	288.87	46.006	45.376	two	8
325	296.34	50.378	43.215	47.537	three	6
325	205.83	47.497	51.859	39.974	five	7
325	458.3	286.47	45.556	45.769	two	8
326	295.8	51.278	43.215	47.537	three	6
326	205.59	49.117	51.859	39.974	five	7
326	458.74	284.08	45.106	46.162	two	8
327	295.26	52.178	43.215	47.537	three	6
327	205.35	50.738	51.859	39.974	five	7
327	459.18	281.68	44.656	46.555	two	8
328	294.72	53.079	43.215	47.537	three	6
328	205.11	52.359	51.859	39.974	five	7
328	459.62	279.28	44.206	46.948	two	8
329	294.18	53.979	43.215	47.537	three	6
329	204.87	53.979	51.859	39.974	five	7
329	460.07	276.88	43.756	47.341	two	8
330	293.64	54.879	43.215	47.537	three	6
330	204.63	55.6	51.859	39.974	five	7
330	460.51	274.48	43.305	47.733	two	8
331	293.1	55.78	43.215	47.537	three	6
331	204.39	57.22	51.859	39.974	five	7
331	460.95	272.09	42.855	48.126	two	8
332	292.56	56.68	43.215	47.537	three	6
332	204.15	58.841	51.859	39.974	five	7
332	461.39	269.69	42.405	48.519	two	8
333	292.02	57.58	43.215	47.537	three	6
333	203.91	60.461	51.859	39.974	five	7
333	461.83	267.29	41.955	48.912	two	8
334	291.48	58.481	43.215	47.537	three	6
334	203.67	62.082	51.859	39.974	five	7
334	462.28	264.89	41.505	49.305	two	8
335	290.94	59.381	43.215	47.537	three	6
335	203.43	63.703	51.859	39.974	five	7
335	462.72	262.49	41.055	49.698	two	8
336	289.64	60.245	43.215	47.537	three	6
336	203.43	64.351	51.859	39.974	five	7
336	462.99	259.32	41.055	49.698	two	8
337	288.34	61.11	43.215	47.537	three	6
337	203.43	64.999	51.859	39.974	five	7
337	463.26	256.15	41.055	49.698	two	8
338	287.05	61.974	43.215	47.537	three	6
338	203.43	65.647	51.859	39.974	five	7
338	463.53	252.97	41.055	49.698	two	8
339	285.75	62.838	43.215	47.537	three	6
339	203.43	66.295	51.859	39.974	five	7
339	463.8	249.8	41.055	49.698	two	8
340	284.45	63.703	43.215	47.537	three	6
340	203.43	66.944	51.859	39.974	five	7
340	464.07	246.63	41.055	49.698	two	8
341	284.45	64.918	43.215	47.537	three	6
341	203.02	68.294	51.859	39.974	five	7
341	464.34	243.45	41.055	49.698	two	8
342	284.45	66.133	43.215	47.537	three	6
342	202.62	69.645	51.859	39.974	five	7
342	464.61	240.28	41.055	49.698	two	8
343	284.45	67.349	43.215	47.537	three	6
343	202.21	70.995	51.859	39.974	five	7
343	464.88	237.1	41.055	49.698	two	8
344	284.45	68.564	43.215	47.537	three	6
344	201.81	72.346	51.859	39.974	five	7
344	465.15	233.93	41.055	49.698	two	8
345	284.45	69.78	43.215	47.537	three	6
345	201.4	73.696	51.859	39.974	five	7
345	465.42	230.76	41.055	49.698	two	8
346	284.45	70.995	43.215	47.537	three	6
346	201	75.047	51.859	39.974	five	7
346	465.69	227.58	41.055	49.698	two	8
347	284.45	72.211	43.215	47.537	three	6
347	200.59	76.397	51.859	39.974	five	7
347	465.96	224.41	41.055	49.698	two	8
348	284.45	73.426	43.215	47.537	three	6
348	200.18	77.748	51.859	39.974	five	7
348	466.23	221.24	41.055	49.698	two	8
349	284.07	73.812	43.215	47.537	three	6
349	200.34	78.905	51.859	39.974	five	7
349	466.5	218.06	41.055	49.698	two	8
350	283.68	74.198	43.215	47.537	three	6
350	200.49	80.063	51.859	39.974	five	7
350	466.77	214.89	41.055	49.698	two	8
351	283.3	74.584	43.215	47.537	three	6
351	200.65	81.22	51.859	39.974	five	7
351	467.04	211.72	41.055	49.698	two	8
352	282.91	74.969	43.215	47.537	three	6
352	200.8	82.378	51.859	39.974	five	7
352	467.47	208.04	41.055	50.202	two	8
353	282.53	75.355	43.215	47.537	three	6
353	200.96	83.535	51.859	39.974	five	7
353	467.9	204.37	41.055	50.706	two	8
354	282.14	75.741	43.215	47.537	three	6
354	201.11	84.693	51.859	39.974	five	7
354	468.34	200.7	41.055	51.21	two	8
355	281.75	76.127	43.215	47.537	three	6
355	201.27	85.85	51.859	39.974	five	7
355	468.77	197.02	41.055	51.714	two	8
356	281.37	76.513	43.215	47.537	three	6
356	201.42	87.008	51.859	39.974	five	7
356	469.2	193.35	41.055	52.219	two	8
357	280.98	76.899	43.215	47.537	three	6
357	201.57	88.166	51.859	39.974	five	7
357	469.63	189.68	41.055	52.723	two	8
358	280.6	77.285	43.215	47.537	three	6
358	201.73	89.323	51.859	39.974	five	7
358	470.07	186	41.055	53.227	two	8
359	280.21	77.67	43.215	47.537	three	6
359	201.88	90.481	51.859	39.974	five	7
359	470.5	182.33	41.055	53.731	two	8
360	279.82	78.056	43.215	47.537	three	6
360	202.04	91.638	51.859	39.974	five	7
360	470.93	178.66	41.055	54.235	two	8
361	279.44	78.442	43.215	47.537	three	6
361	202.19	92.796	51.859	39.974	five	7
361	471.36	174.98	41.055	54.74	two	8
362	279.05	78.828	43.215	47.537	three	6
362	202.35	93.953	51.859	39.974	five	7
362	471.79	171.31	41.055	55.244	two	8
363	278.31	79.503	43.08	47.402	three	6
363	203.22	95.304	50.846	38.826	five	7
363	472.23	167.64	41.055	55.748	two	8
364	277.57	80.178	42.945	47.267	three	6
364	204.1	96.654	49.833	37.678	five	7
364	472.66	163.96	41.055	56.252	two	8
365	276.82	80.854	42.81	47.132	three	6
365	204.98	98.005	48.82	36.531	five	7
365	473.09	160.29	41.055	56.756	two	8
366	276.08	81.529	42.675	46.997	three	6
366	205.86	99.355	47.807	35.383	five	7
366	473.52	156.62	41.055	57.26	two	8
367	275.34	82.204	42.54	46.862	three	6
367	206.73	100.71	46.794	34.235	five	7
367	473.25	153.01	41.055	57.441	two	8
368	274.6	82.879	42.405	46.727	three	6
368	207.61	102.06	45.781	33.087	five	7
368	472.98	149.41	41.055	57.621	two	8
369	273.85	83.555	42.27	46.592	three	6
369	208.49	103.41	44.768	31.939	five	7
369	472.71	145.81	41.055	57.801	two	8
370	273.11	84.23	42.135	46.457	three	6
370	209.37	104.76	43.756	30.791	five	7
370	472.44	142.21	41.055	57.981	two	8
371	272.37	84.905	42	46.322	three	6
371	210.25	106.11	42.743	29.643	five	7
371	472.17	138.61	41.055	58.161	two	8
372	271.63	85.58	41.865	46.186	three	6
372	211.12	107.46	41.73	28.495	five	7
372	471.9	135.01	41.055	58.341	two	8
373	270.88	86.256	41.73	46.051	three	6
373	212	108.81	40.717	27.347	five	7
373	471.63	131.41	41.055	58.521	two	8
374	270.14	86.931	41.595	45.916	three	6
374	212.88	110.16	39.704	26.199	five	7
374	471.36	127.81	41.055	58.701	two	8
375	269.4	87.606	41.46	45.781	three	6
375	213.76	111.51	38.691	25.051	five	7
375	471.09	124.2	41.055	58.881	two	8
376	268.65	88.281	41.325	45.646	three	6
376	214.64	112.86	37.678	23.904	five	7
376	470.82	120.6	41.055	59.061	two	8
377	267.91	88.957	41.19	45.511	three	6
377	215.51	114.21	36.666	22.756	five	7
377	470.55	117	41.055	59.241	two	8
378	267.17	89.632	41.055	45.376	three	6
378	216.39	115.56	35.653	21.608	five	7
378	470.28	113.4	41.055	59.421	two	8
379	266.32	90.172	41.055	45.376	three	6
379	216.7	116.72	34.727	21.608	five	7
379	470.01	110.16	41.055	59.421	two	8
380	265.47	90.712	41.055	45.376	three	6
380	217.01	117.88	33.801	21.608	five	7
380	469.74	106.92	41.055	59.421	two	8
381	264.62	91.252	41.055	45.376	three	6
381	217.32	119.03	32.875	21.608	five	7
381	469.47	103.68	41.055	59.421	two	8
382	263.77	91.793	41.055	45.376	three	6
382	217.63	120.19	31.949	21.608	five	7
382	469.2	100.44	41.055	59.421	two	8
383	262.92	92.333	41.055	45.376	three	6
383	217.93	121.35	31.023	21.608	five	7
383	468.93	97.195	41.055	59.421	two	8
384	262.08	92.873	41.055	45.376	three	6
384	218.24	122.51	30.096	21.608	five	7
384	468.66	93.953	41.055	59.421	two	8
385	261.23	93.413	41.055	45.376	three	6
385	218.55	123.66	29.17	21.608	five	7
385	468.39	90.712	41.055	59.421	two	8
386	260.38	93.953	41.055	45.376	three	6
386	218.86	124.82	28.244	21.608	five	7
386	468.12	87.471	41.055	59.421	two	8
387	259.53	94.494	41.055	45.376	three	6
387	219.17	125.98	27.318	21.608	five	7
387	467.85	84.23	41.055	59.421	two	8
388	258.68	95.034	41.055	45.376	three	6
388	219.48	127.14	26.392	21.608	five	7
388	467.58	80.989	41.055	59.421	two	8
389	257.83	95.574	41.055	45.376	three	6
389	219.79	128.29	25.466	21.608	five	7
389	467.31	77.748	41.055	59.421	two	8
390	256.98	96.114	41.055	45.376	three	6
390	220.09	129.45	24.54	21.608	five	7
390	467.04	74.506	41.055	59.421	two	8
391	256.13	96.654	41.055	45.376	three	6
391	220.4	130.61	23.614	21.608	five	7
391	466.77	71.265	41.055	59.421	two	8
392	255.28	97.195	41.055	45.376	three	6
392	220.71	131.77	22.688	21.608	five	7
392	466.5	68.024	41.055	59.421	two	8
393	254.59	97.889	41.055	45.376	three	6
393	219.25	132.71	23.699	22.13	five	7
393	466.23	64.783	41.055	59.421	two	8
394	253.9	98.584	41.055	45.376	three	6
394	217.78	133.65	24.709	22.653	five	7
394	465.96	61.542	41.055	59.421	two	8
395	253.2	99.278	41.055	45.376	three	6
395	216.32	134.59	25.72	23.176	five	7
395	465.38	58.157	40.911	59.421	two	8
396	252.51	99.973	41.055	45.376	three	6
396	214.86	135.53	26.731	23.699	five	7
396	464.81	54.771	40.767	59.421	two	8
397	251.81	100.67	41.055	45.376	three	6
397	213.39	136.47	27.742	24.222	five	7
397	464.23	51.386	40.623	59.421	two	8
398	251.12	101.36	41.055	45.376	three	6
398	211.93	137.41	28.752	24.744	five	7
398	463.65	48.001	40.478	59.421	two	8
399	250.42	102.06	41.055	45.376	three	6
399	210.47	138.35	29.763	25.267	five	7
399	463.08	44.616	40.334	59.421	two	8
400	249.73	102.75	41.055	45.376	three	6
400	209	139.29	30.774	25.79	five	7
400	462.5	41.231	40.19	59.421	two	8
401	249.03	103.45	41.055	45.376	three	6
401	207.54	140.24	31.784	26.313	five	7
401	461.93	37.845	40.046	59.421	two	8
402	248.34	104.14	41.055	45.376	three	6
402	206.07	141.18	32.795	26.835	five	7
402	122.4	49.658	41.055	45.376	four	9
402	461.35	34.46	39.902	59.421	two	8
403	247.64	104.83	41.055	45.376	three	6
403	204.61	142.12	33.806	27.358	five	7
403	121.86	49.658	40.514	43.486	four	9
403	460.77	31.075	39.758	59.421	two	8
404	246.95	105.53	41.055	45.376	three	6
404	203.15	143.06	34.816	27.881	five	7
404	121.32	49.658	39.974	41.595	four	9
404	460.2	27.69	39.614	59.421	two	8
405	246.26	106.22	41.055	45.376	three	6
405	201.68	144	35.827	28.404	five	7
405	120.78	49.658	39.434	39.704	four	9
405	459.62	24.305	39.47	59.421	two	8
406	245.56	106.92	41.055	45.376	three	6
406	200.22	144.94	36.838	28.926	five	7
406	120.24	49.658	38.894	37.814	four	9
406	459.05	20.919	39.326	59.421	two	8
407	244.67	107.74	41.055	45.376	three	6
407	198.76	145.88	37.848	29.449	five	7
407	120.24	51.119	39.021	38.258	four	9
407	458.47	17.534	39.182	59.421	two	8
408	243.78	108.57	41.055	45.376	three	6
408	197.29	146.82	38.859	29.972	five	7
408	120.24	52.581	39.148	38.703	four	9
408	457.89	14.149	39.038	59.421	two	8
409	242.89	109.4	41.055	45.376	three	6
409	195.83	147.76	39.87	30.495	five	7
409	120.24	54.043	39.275	39.148	four	9
409	457.32	10.764	38.894	59.421	two	8
410	242	110.22	41.055	45.376	three	6
410	194.36	148.7	40.88	31.018	five	7
410	120.24	55.504	39.402	39.593	four	9
410	456.88	9.3514	38.894	55.254	two	8
411	241.11	111.05	41.055	45.376	three	6
411	192.9	149.65	41.891	31.54	five	7
411	120.24	56.966	39.529	40.038	four	9
411	456.45	7.9392	38.894	51.087	two	8
412	240.22	111.88	41.055	45.376	three	6
412	191.44	150.59	42.902	32.063	five	7
412	120.24	58.428	39.657	40.483	four	9
412	456.01	6.527	38.894	46.92	two	8
413	239.33	112.7	41.055	45.376	three	6
413	189.97	151.53	43.912	32.586	five	7
413	120.24	59.889	39.784	40.928	four	9
413	455.58	5.1148	38.894	42.752	two	8
414	238.44	113.53	41.055	45.376	three	6
414	188.51	152.47	44.923	33.109	five	7
414	120.24	61.351	39.911	41.372	four	9
414	455.14	3.7026	38.894	38.585	two	8
415	237.55	114.35	41.055	45.376	three	6
415	187.05	153.41	45.934	33.631	five	7
415	120.24	62.813	40.038	41.817	four	9
415	455.15	3.992	38.894	34.418	two	8
416	236.66	115.18	41.055	45.376	three	6
416	185.58	154.35	46.945	34.154	five	7
416	120.24	64.275	40.165	42.262	four	9
416	455.16	4.2814	38.894	30.251	two	8
417	235.77	116.01	41.055	45.376	three	6
417	184.12	155.29	47.955	34.677	five	7
417	120.24	65.736	40.292	42.707	four	9
417	455.16	4.2814	38.894	27.01	two	8
418	234.88	116.83	41.055	45.376	three	6
418	182.65	156.23	48.966	35.2	five	7
418	120.24	67.198	40.419	43.152	four	9
418	455.16	4.2814	38.894	23.768	two	8
419	233.99	117.66	41.055	45.376	three	6
419	181.19	157.17	49.977	35.722	five	7
419	120.24	68.66	40.546	43.597	four	9
419	455.16	4.2814	38.894	17.749	two	8
420	233.1	118.48	41.055	45.376	three	6
420	179.73	158.11	50.987	36.245	five	7
420	120.24	70.121	40.673	44.042	four	9
420	455.16	4.2814	38.894	12.229	two	8
421	232.22	119.31	41.055	45.376	three	6
421	178.26	159.06	51.998	36.768	five	7
421	120.24	71.583	40.8	44.486	four	9
422	231.33	120.14	41.055	45.376	three	6
422	176.8	160	53.009	37.291	five	7
422	120.24	73.045	40.928	44.931	four	9
422	455.16	2.7185	38.894	1.5628	two	8
423	230.44	120.96	41.055	45.376	three	6
423	175.34	160.94	54.019	37.814	five	7
423	120.24	74.506	41.055	45.376	four	9
424	230.44	120.96	41.055	45.376	three	6
424	175.12	162.45	54.019	37.814	five	7
424	119.28	75.707	41.055	45.376	four	9
425	230.44	120.96	41.055	45.376	three	6
425	174.9	163.96	54.019	37.814	five	7
425	118.32	76.907	41.055	45.376	four	9
426	230.44	120.96	41.055	45.376	three	6
426	174.69	165.47	54.019	37.814	five	7
426	117.36	78.108	41.055	45.376	four	9
427	230.44	120.96	41.055	45.376	three	6
427	174.47	166.99	54.019	37.814	five	7
427	116.39	79.308	41.055	45.376	four	9
428	230.44	120.96	41.055	45.376	three	6
428	174.26	168.5	54.019	37.814	five	7
428	115.43	80.509	41.055	45.376	four	9
429	230.44	120.96	41.055	45.376	three	6
429	174.26	169.31	54.019	37.814	five	7
429	114.47	81.709	41.055	45.376	four	9
430	230.44	120.96	41.055	45.376	three	6
430	174.26	170.12	54.019	37.814	five	7
430	113.51	82.909	41.055	45.376	four	9
431	230.44	120.96	41.055	45.376	three	6
431	174.26	170.93	54.019	37.814	five	7
431	112.55	84.11	41.055	45.376	four	9
432	230.44	120.96	41.055	45.376	three	6
432	174.26	171.74	54.019	37.814	five	7
432	111.59	85.31	41.055	45.376	four	9
