1	175.34	122.04	30.251	34.572	two	2
1	190.46	226.84	54.019	50.778	three	1
2	176.42	122.31	31.196	33.762	two	2
2	191.68	225.9	54.019	50.778	three	1
3	177.5	122.58	32.141	32.952	two	2
3	192.89	224.95	54.019	50.778	three	1
4	178.58	122.85	33.087	32.141	two	2
4	194.11	224	54.019	50.778	three	1
5	179.66	123.12	34.032	31.331	two	2
5	195.32	223.06	54.019	50.778	three	1
6	180.74	123.39	34.977	30.521	two	2
6	196.54	222.11	54.019	50.778	three	1
7	181.82	123.66	35.923	29.711	two	2
7	197.75	221.17	54.019	50.778	three	1
8	182.9	123.93	36.868	28.9	two	2
8	198.97	220.22	54.019	50.778	three	1
9	183.98	124.2	37.814	28.09	two	2
9	200.18	219.28	54.019	50.778	three	1
10	185.78	124.2	37.814	28.09	two	2
10	201.27	218.8	54.019	50.778	three	1
11	187.58	124.2	37.814	28.09	two	2
11	202.35	218.32	54.019	50.778	three	1
12	189.38	124.2	37.814	28.09	two	2
12	203.43	217.84	54.019	50.778	three	1
13	191.18	124.2	37.814	28.09	two	2
13	204.51	217.36	54.019	50.778	three	1
14	192.98	124.2	37.814	28.09	two	2
14	205.59	216.88	54.019	50.778	three	1
15	194.78	124.2	37.814	28.09	two	2
15	206.67	216.4	54.019	50.778	three	1
16	196.58	124.2	37.814	28.09	two	2
16	207.75	215.92	54.019	50.778	three	1
17	198.38	124.2	37.814	28.09	two	2
17	208.83	215.44	54.019	50.778	three	1
18	200.18	124.2	37.814	28.09	two	2
18	209.91	214.96	54.019	50.778	three	1
19	202.51	124.2	37.73	28.09	two	2
19	211.49	214.29	53.853	50.778	three	1
20	204.84	124.2	37.647	28.09	two	2
20	213.07	213.63	53.687	50.778	three	1
21	207.17	124.2	37.564	28.09	two	2
21	214.65	212.96	53.521	50.778	three	1
22	209.49	124.2	37.481	28.09	two	2
22	216.22	212.3	53.354	50.778	three	1
23	211.82	124.2	37.398	28.09	two	2
23	217.8	211.63	53.188	50.778	three	1
24	214.15	124.2	37.315	28.09	two	2
24	219.38	210.97	53.022	50.778	three	1
25	216.47	124.2	37.232	28.09	two	2
25	220.96	210.3	52.856	50.778	three	1
26	218.8	124.2	37.149	28.09	two	2
26	222.54	209.64	52.69	50.778	three	1
27	221.13	124.2	37.066	28.09	two	2
27	224.12	208.97	52.523	50.778	three	1
28	223.45	124.2	36.982	28.09	two	2
28	225.7	208.31	52.357	50.778	three	1
29	225.78	124.2	36.899	28.09	two	2
29	227.28	207.64	52.191	50.778	three	1
30	228.11	124.2	36.816	28.09	two	2
30	228.86	206.98	52.025	50.778	three	1
31	230.44	124.2	36.733	28.09	two	2
31	230.44	206.31	51.859	50.778	three	1
32	231.44	123.96	36.733	28.09	two	2
32	230.96	205.79	51.859	50.498	three	1
33	232.44	123.72	36.733	28.09	two	2
33	231.48	205.27	51.859	50.218	three	1
34	233.44	123.48	36.733	28.09	two	2
34	232	204.75	51.859	49.938	three	1
35	234.44	123.24	36.733	28.09	two	2
35	232.52	204.23	51.859	49.658	three	1
36	235.44	123	36.733	28.09	two	2
36	233.04	203.71	51.859	49.378	three	1
37	236.44	122.76	36.733	28.09	two	2
37	233.56	203.19	51.859	49.098	three	1
38	237.44	122.52	36.733	28.09	two	2
38	234.08	202.67	51.859	48.817	three	1
39	238.44	122.28	36.733	28.09	two	2
39	234.6	202.15	51.859	48.537	three	1
40	239.44	122.04	36.733	28.09	two	2
40	235.12	201.63	51.859	48.257	three	1
41	240.44	121.8	36.733	28.09	two	2
41	235.64	201.11	51.859	47.977	three	1
42	241.44	121.56	36.733	28.09	two	2
42	236.16	200.59	51.859	47.697	three	1
43	242.44	121.32	36.733	28.09	two	2
43	236.68	200.07	51.859	47.417	three	1
44	243.44	121.08	36.733	28.09	two	2
44	237.2	199.55	51.859	47.137	three	1
45	244.44	120.84	36.733	28.09	two	2
45	237.72	199.03	51.859	46.857	three	1
46	245.44	120.6	36.733	28.09	two	2
46	238.24	198.51	51.859	46.577	three	1
47	246.44	120.36	36.733	28.09	two	2
47	238.76	197.99	51.859	46.297	three	1
48	247.44	120.12	36.733	28.09	two	2
48	239.28	197.47	51.859	46.016	three	1
49	248.44	119.88	36.733	28.09	two	2
49	239.8	196.95	51.859	45.736	three	1
50	249.44	119.64	36.733	28.09	two	2
50	240.32	196.43	51.859	45.456	three	1
51	250.44	119.4	36.733	28.09	two	2
51	240.84	195.91	51.859	45.176	three	1
52	251.44	119.16	36.733	28.09	two	2
52	241.36	195.39	51.859	44.896	three	1
53	252.44	118.92	36.733	28.09	two	2
53	241.88	194.87	51.859	44.616	three	1
54	253.44	118.68	36.733	28.09	two	2
54	242.4	194.35	51.859	44.336	three	1
55	254.44	118.44	36.733	28.09	two	2
55	242.92	193.83	51.859	44.056	three	1
56	255.44	118.2	36.733	28.09	two	2
56	243.44	193.31	51.859	43.776	three	1
57	256.44	117.96	36.733	28.09	two	2
57	243.96	192.79	51.859	43.496	three	1
58	257.45	117.72	36.733	28.09	two	2
58	244.48	192.27	51.859	43.215	three	1
59	257.15	117.42	36.733	28.09	two	2
59	243.88	191.43	51.859	43.215	three	1
60	256.85	117.12	36.733	28.09	two	2
60	243.28	190.59	51.859	43.215	three	1
61	256.55	116.82	36.733	28.09	two	2
61	242.68	189.75	51.859	43.215	three	1
62	256.24	116.52	36.733	28.09	two	2
62	242.08	188.91	51.859	43.215	three	1
63	255.94	116.22	36.733	28.09	two	2
63	241.48	188.07	51.859	43.215	three	1
64	255.64	115.92	36.733	28.09	two	2
64	240.88	187.23	51.859	43.215	three	1
65	255.34	115.62	36.733	28.09	two	2
65	240.28	186.39	51.859	43.215	three	1
66	255.04	115.32	36.733	28.09	two	2
66	239.68	185.55	51.859	43.215	three	1
67	254.74	115.02	36.733	28.09	two	2
67	239.08	184.71	51.859	43.215	three	1
68	254.44	114.72	36.733	28.09	two	2
68	238.48	183.87	51.859	43.215	three	1
69	254.14	114.42	36.733	28.09	two	2
69	237.88	183.03	51.859	43.215	three	1
70	253.84	114.12	36.733	28.09	two	2
70	237.28	182.18	51.859	43.215	three	1
71	253.54	113.82	36.733	28.09	two	2
71	236.68	181.34	51.859	43.215	three	1
72	253.24	113.52	36.733	28.09	two	2
72	236.08	180.5	51.859	43.215	three	1
73	252.94	113.22	36.733	28.09	two	2
73	235.48	179.66	51.859	43.215	three	1
74	252.64	112.92	36.733	28.09	two	2
74	234.88	178.82	51.859	43.215	three	1
75	252.34	112.62	36.733	28.09	two	2
75	234.28	177.98	51.859	43.215	three	1
76	252.04	112.32	36.733	28.09	two	2
76	233.68	177.14	51.859	43.215	three	1
77	251.08	112.26	36.733	28.09	two	2
77	232.6	176.78	51.859	43.215	three	1
78	250.12	112.2	36.733	28.09	two	2
78	231.52	176.42	51.859	43.215	three	1
79	249.16	112.14	36.733	28.09	two	2
79	230.44	176.06	51.859	43.215	three	1
80	248.2	112.08	36.733	28.09	two	2
80	229.36	175.7	51.859	43.215	three	1
81	247.24	112.02	36.733	28.09	two	2
81	228.27	175.34	51.859	43.215	three	1
82	246.28	111.96	36.733	28.09	two	2
82	227.19	174.98	51.859	43.215	three	1
83	245.32	111.9	36.733	28.09	two	2
83	226.11	174.62	51.859	43.215	three	1
84	244.36	111.84	36.733	28.09	two	2
84	225.03	174.26	51.859	43.215	three	1
85	243.4	111.78	36.733	28.09	two	2
85	223.95	173.9	51.859	43.215	three	1
86	242.44	111.72	36.733	28.09	two	2
86	222.87	173.54	51.859	43.215	three	1
87	241.48	111.66	36.733	28.09	two	2
87	221.79	173.18	51.859	43.215	three	1
88	240.52	111.6	36.733	28.09	two	2
88	220.71	172.82	51.859	43.215	three	1
89	239.56	111.54	36.733	28.09	two	2
89	219.63	172.46	51.859	43.215	three	1
90	238.6	111.48	36.733	28.09	two	2
90	218.55	172.1	51.859	43.215	three	1
91	237.64	111.42	36.733	28.09	two	2
91	217.47	171.74	51.859	43.215	three	1
92	236.68	111.36	36.733	28.09	two	2
92	216.39	171.38	51.859	43.215	three	1
93	235.72	111.3	36.733	28.09	two	2
93	215.31	171.02	51.859	43.215	three	1
94	234.76	111.24	36.733	28.09	two	2
94	214.23	170.66	51.859	43.215	three	1
95	234.27	111.09	36.733	28.09	two	2
95	213.4	170.46	51.859	43.215	three	1
96	233.78	110.94	36.733	28.09	two	2
96	212.56	170.27	51.859	43.215	three	1
97	233.28	110.8	36.733	28.09	two	2
97	211.73	170.07	51.859	43.215	three	1
98	232.79	110.65	36.733	28.09	two	2
98	210.89	169.88	51.859	43.215	three	1
99	232.3	110.5	36.733	28.09	two	2
99	210.06	169.68	51.859	43.215	three	1
100	231.81	110.36	36.733	28.09	two	2
100	209.22	169.48	51.859	43.215	three	1
101	231.32	110.21	36.733	28.09	two	2
101	208.39	169.29	51.859	43.215	three	1
102	230.83	110.06	36.733	28.09	two	2
102	207.55	169.09	51.859	43.215	three	1
103	230.34	109.91	36.733	28.09	two	2
103	206.72	168.89	51.859	43.215	three	1
104	229.85	109.77	36.733	28.09	two	2
104	205.88	168.7	51.859	43.215	three	1
105	229.36	109.62	36.733	28.09	two	2
105	205.05	168.5	51.859	43.215	three	1
106	228.86	109.47	36.733	28.09	two	2
106	204.21	168.3	51.859	43.215	three	1
107	228.37	109.32	36.733	28.09	two	2
107	203.38	168.11	51.859	43.215	three	1
108	227.88	109.18	36.733	28.09	two	2
108	202.54	167.91	51.859	43.215	three	1
109	227.39	109.03	36.733	28.09	two	2
109	201.71	167.71	51.859	43.215	three	1
110	226.9	108.88	36.733	28.09	two	2
110	200.87	167.52	51.859	43.215	three	1
111	226.41	108.74	36.733	28.09	two	2
111	200.04	167.32	51.859	43.215	three	1
112	225.92	108.59	36.733	28.09	two	2
112	199.2	167.12	51.859	43.215	three	1
113	225.43	108.44	36.733	28.09	two	2
113	198.37	166.93	51.859	43.215	three	1
114	224.94	108.29	36.733	28.09	two	2
114	197.53	166.73	51.859	43.215	three	1
115	224.44	108.15	36.733	28.09	two	2
115	196.7	166.54	51.859	43.215	three	1
116	223.95	108	36.733	28.09	two	2
116	195.86	166.34	51.859	43.215	three	1
117	223.87	108.41	36.733	28.09	two	2
117	195.66	166.63	51.859	43.008	three	1
118	223.79	108.83	36.733	28.09	two	2
118	195.45	166.92	51.859	42.8	three	1
119	223.7	109.24	36.733	28.09	two	2
119	195.24	167.21	51.859	42.592	three	1
120	223.62	109.66	36.733	28.09	two	2
120	195.03	167.5	51.859	42.384	three	1
121	223.54	110.08	36.733	28.09	two	2
121	194.82	167.79	51.859	42.177	three	1
122	223.45	110.49	36.733	28.09	two	2
122	194.62	168.08	51.859	41.969	three	1
123	223.37	110.91	36.733	28.09	two	2
123	194.41	168.38	51.859	41.761	three	1
124	223.29	111.32	36.733	28.09	two	2
124	194.2	168.67	51.859	41.553	three	1
125	223.21	111.74	36.733	28.09	two	2
125	193.99	168.96	51.859	41.346	three	1
126	223.12	112.15	36.733	28.09	two	2
126	193.79	169.25	51.859	41.138	three	1
127	223.04	112.57	36.733	28.09	two	2
127	193.58	169.54	51.859	40.93	three	1
128	222.96	112.98	36.733	28.09	two	2
128	193.37	169.83	51.859	40.722	three	1
129	222.87	113.4	36.733	28.09	two	2
129	193.16	170.12	51.859	40.514	three	1
130	222.79	113.82	36.733	28.09	two	2
130	192.95	170.41	51.859	40.307	three	1
131	222.71	114.23	36.733	28.09	two	2
131	192.75	170.7	51.859	40.099	three	1
132	222.62	114.65	36.733	28.09	two	2
132	192.54	170.99	51.859	39.891	three	1
133	222.54	115.06	36.733	28.09	two	2
133	192.33	171.28	51.859	39.683	three	1
134	222.46	115.48	36.733	28.09	two	2
134	192.12	171.57	51.859	39.476	three	1
135	222.37	115.89	36.733	28.09	two	2
135	191.92	171.87	51.859	39.268	three	1
136	222.29	116.31	36.733	28.09	two	2
136	191.71	172.16	51.859	39.06	three	1
137	222.21	116.72	36.733	28.09	two	2
137	191.5	172.45	51.859	38.852	three	1
138	222.13	117.14	36.733	28.09	two	2
138	191.29	172.74	51.859	38.645	three	1
139	222.04	117.56	36.733	28.09	two	2
139	191.08	173.03	51.859	38.437	three	1
140	221.96	117.97	36.733	28.09	two	2
140	190.88	173.32	51.859	38.229	three	1
141	221.88	118.39	36.733	28.09	two	2
141	190.67	173.61	51.859	38.021	three	1
142	221.79	118.8	36.733	28.09	two	2
142	190.46	173.9	51.859	37.814	three	1
143	221.79	119.5	36.733	28.09	two	2
143	190.72	174.41	51.604	37.814	three	1
144	221.79	120.2	36.733	28.09	two	2
144	190.97	174.92	51.35	37.814	three	1
145	221.79	120.9	36.733	28.09	two	2
145	191.22	175.43	51.096	37.814	three	1
146	221.79	121.6	36.733	28.09	two	2
146	191.48	175.94	50.842	37.814	three	1
147	221.79	122.3	36.733	28.09	two	2
147	191.73	176.44	50.587	37.814	three	1
148	221.79	123	36.733	28.09	two	2
148	191.99	176.95	50.333	37.814	three	1
149	221.79	123.7	36.733	28.09	two	2
149	192.24	177.46	50.079	37.814	three	1
150	221.79	124.39	36.733	28.09	two	2
150	192.5	177.97	49.825	37.814	three	1
151	221.79	125.09	36.733	28.09	two	2
151	192.75	178.48	49.571	37.814	three	1
152	221.79	125.79	36.733	28.09	two	2
152	193	178.99	49.316	37.814	three	1
153	221.79	126.49	36.733	28.09	two	2
153	193.26	179.49	49.062	37.814	three	1
154	221.79	127.19	36.733	28.09	two	2
154	193.51	180	48.808	37.814	three	1
155	221.79	127.89	36.733	28.09	two	2
155	193.77	180.51	48.554	37.814	three	1
156	221.79	128.59	36.733	28.09	two	2
156	194.02	181.02	48.3	37.814	three	1
157	221.79	129.29	36.733	28.09	two	2
157	194.27	181.53	48.045	37.814	three	1
158	221.79	129.99	36.733	28.09	two	2
158	194.53	182.04	47.791	37.814	three	1
159	221.79	130.69	36.733	28.09	two	2
159	194.78	182.55	47.537	37.814	three	1
160	221.88	131.9	36.733	28.09	two	2
160	194.74	183.76	47.537	37.77	three	1
161	221.97	133.11	36.733	28.09	two	2
161	194.7	184.97	47.537	37.727	three	1
162	222.05	134.32	36.733	28.09	two	2
162	194.65	186.18	47.537	37.684	three	1
163	222.14	135.53	36.733	28.09	two	2
163	194.61	187.39	47.537	37.641	three	1
164	222.22	136.74	36.733	28.09	two	2
164	194.57	188.6	47.537	37.597	three	1
165	222.31	137.95	36.733	28.09	two	2
165	194.52	189.81	47.537	37.554	three	1
166	222.4	139.16	36.733	28.09	two	2
166	194.48	191.02	47.537	37.511	three	1
167	222.48	140.37	36.733	28.09	two	2
167	194.44	192.23	47.537	37.468	three	1
168	222.57	141.58	36.733	28.09	two	2
168	194.39	193.44	47.537	37.425	three	1
169	222.66	142.79	36.733	28.09	two	2
169	194.35	194.65	47.537	37.381	three	1
170	222.74	144	36.733	28.09	two	2
170	194.31	195.86	47.537	37.338	three	1
171	222.83	145.21	36.733	28.09	two	2
171	194.26	197.07	47.537	37.295	three	1
172	222.92	146.42	36.733	28.09	two	2
172	194.22	198.28	47.537	37.252	three	1
173	223	147.63	36.733	28.09	two	2
173	194.18	199.49	47.537	37.208	three	1
174	223.09	148.84	36.733	28.09	two	2
174	194.13	200.7	47.537	37.165	two	1
175	223.18	150.05	36.733	28.09	two	2
175	194.09	201.91	47.537	37.122	two	1
176	223.26	151.26	36.733	28.09	two	2
176	194.05	203.12	47.537	37.079	two	1
177	223.35	152.47	36.733	28.09	two	2
177	194.01	204.33	47.537	37.036	two	1
178	223.43	153.68	36.733	28.09	two	2
178	193.96	205.54	47.537	36.992	two	1
179	223.52	154.89	36.733	28.09	two	2
179	193.92	206.75	47.537	36.949	two	1
180	223.61	156.1	36.733	28.09	two	2
180	193.88	207.96	47.537	36.906	two	1
181	223.69	157.31	36.733	28.09	two	2
181	193.83	209.17	47.537	36.863	two	1
182	223.78	158.52	36.733	28.09	two	2
182	193.79	210.38	47.537	36.82	two	1
183	223.87	159.73	36.733	28.09	two	2
183	193.75	211.59	47.537	36.776	two	1
184	223.95	160.94	36.733	28.09	two	2
184	193.7	212.8	47.537	36.733	two	1
185	223.63	162.02	36.733	28.09	two	2
185	193.7	213.66	47.267	36.625	two	1
186	223.31	163.1	36.733	28.09	two	2
186	193.7	214.52	46.997	36.517	two	1
187	222.98	164.18	36.733	28.09	two	2
187	193.7	215.39	46.727	36.409	two	1
188	222.66	165.26	36.733	28.09	two	2
188	193.7	216.25	46.457	36.301	two	1
189	222.33	166.34	36.733	28.09	two	2
189	193.7	217.12	46.186	36.193	two	1
190	222.01	167.42	36.733	28.09	two	2
190	193.7	217.98	45.916	36.085	two	1
191	221.68	168.5	36.733	28.09	two	2
191	193.7	218.85	45.646	35.977	two	1
192	221.36	169.58	36.733	28.09	two	2
192	193.7	219.71	45.376	35.869	two	1
193	221.04	170.66	36.733	28.09	two	2
193	193.7	220.57	45.106	35.761	two	1
194	220.71	171.74	36.733	28.09	two	2
194	193.7	221.44	44.836	35.653	two	1
195	220.39	172.82	36.733	28.09	two	2
195	193.7	222.3	44.566	35.545	two	1
196	220.06	173.9	36.733	28.09	two	2
196	193.7	223.17	44.296	35.437	two	1
197	219.74	174.98	36.733	28.09	two	2
197	193.7	224.03	44.026	35.329	two	1
198	219.42	176.06	36.733	28.09	two	2
198	193.7	224.9	43.756	35.221	two	1
199	219.09	177.14	36.733	28.09	two	2
199	193.7	225.76	43.486	35.113	two	1
200	218.77	178.22	36.733	28.09	two	2
200	193.7	226.62	43.215	35.005	two	1
201	218.44	179.3	36.733	28.09	two	2
201	193.7	227.49	42.945	34.896	two	1
202	218.12	180.38	36.733	28.09	two	2
202	193.7	228.35	42.675	34.788	two	1
203	217.8	181.46	36.733	28.09	two	2
203	193.7	229.22	42.405	34.68	two	1
204	217.47	182.55	36.733	28.09	two	2
204	193.7	230.08	42.135	34.572	two	1
205	217.14	183	36.733	28.09	two	2
205	193.51	230.44	42.135	34.572	two	1
206	216.82	183.46	36.733	28.09	two	2
206	193.31	230.8	42.135	34.572	two	1
207	216.49	183.92	36.733	28.09	two	2
207	193.11	231.16	42.135	34.572	two	1
208	216.16	184.38	36.733	28.09	two	2
208	192.92	231.52	42.135	34.572	two	1
209	215.83	184.84	36.733	28.09	two	2
209	192.72	231.88	42.135	34.572	two	1
210	215.51	185.3	36.733	28.09	two	2
210	192.52	232.24	42.135	34.572	two	1
211	215.18	185.75	36.733	28.09	two	2
211	192.33	232.6	42.135	34.572	two	1
212	214.85	186.21	36.733	28.09	two	2
212	192.13	232.96	42.135	34.572	two	1
213	214.52	186.67	36.733	28.09	two	2
213	191.93	233.32	42.135	34.572	two	1
214	214.2	187.13	36.733	28.09	two	2
214	191.74	233.68	42.135	34.572	two	1
215	213.87	187.59	36.733	28.09	two	2
215	191.54	234.04	42.135	34.572	two	1
216	213.54	188.05	36.733	28.09	two	2
216	191.35	234.4	42.135	34.572	two	1
217	213.21	188.5	36.733	28.09	two	2
217	191.15	234.76	42.135	34.572	two	1
218	212.89	188.96	36.733	28.09	two	2
218	190.95	235.12	42.135	34.572	two	1
219	212.56	189.42	36.733	28.09	two	2
219	190.76	235.48	42.135	34.572	two	1
220	212.23	189.88	36.733	28.09	two	2
220	190.56	235.84	42.135	34.572	two	1
221	211.91	190.34	36.733	28.09	two	2
221	190.36	236.2	42.135	34.572	two	1
222	211.58	190.8	36.733	28.09	two	2
222	190.17	236.56	42.135	34.572	two	1
223	211.25	191.25	36.733	28.09	two	2
223	189.97	236.92	42.135	34.572	two	1
224	210.92	191.71	36.733	28.09	two	2
224	189.77	237.28	42.135	34.572	two	1
225	210.6	192.17	36.733	28.09	two	2
225	189.58	237.64	42.135	34.572	two	1
226	210.27	192.63	36.733	28.09	two	2
226	189.38	238	42.135	34.572	two	1
227	209.94	193.09	36.733	28.09	two	2
227	189.18	238.36	42.135	34.572	two	1
228	209.61	193.55	36.733	28.09	two	2
228	188.99	238.73	42.135	34.572	two	1
229	209.29	194	36.733	28.09	two	2
229	188.79	239.09	42.135	34.572	two	1
230	208.96	194.46	36.733	28.09	two	2
230	188.6	239.45	42.135	34.572	two	1
231	208.63	194.92	36.733	28.09	two	2
231	188.4	239.81	42.135	34.572	two	1
232	208.3	195.38	36.733	28.09	two	2
232	188.2	240.17	42.135	34.572	two	1
233	207.98	195.84	36.733	28.09	two	2
233	188.01	240.53	42.135	34.572	two	1
234	207.65	196.3	36.733	28.09	two	2
234	187.81	240.89	42.135	34.572	two	1
235	207.32	196.75	36.733	28.09	two	2
235	187.61	241.25	42.135	34.572	two	1
236	206.99	197.21	36.733	28.09	two	2
236	187.42	241.61	42.135	34.572	two	1
237	206.67	197.67	36.733	28.09	two	2
237	187.22	241.97	42.135	34.572	two	1
238	206.26	198.26	36.733	28.09	two	2
238	187.09	242.28	42.135	34.572	two	1
239	205.86	198.84	36.733	28.09	two	2
239	186.95	242.6	42.135	34.572	two	1
240	205.45	199.43	36.733	28.09	two	2
240	186.82	242.91	42.135	34.572	two	1
241	205.05	200.01	36.733	28.09	two	2
241	186.68	243.23	42.135	34.572	two	1
242	204.64	200.6	36.733	28.09	two	2
242	186.55	243.54	42.135	34.572	two	1
243	204.24	201.18	36.733	28.09	two	2
243	186.41	243.86	42.135	34.572	two	1
244	203.83	201.77	36.733	28.09	two	2
244	186.27	244.17	42.135	34.572	two	1
245	203.43	202.35	36.733	28.09	two	2
245	186.14	244.49	42.135	34.572	two	1
246	203.02	202.94	36.733	28.09	two	2
246	186	244.8	42.135	34.572	two	1
247	202.62	203.52	36.733	28.09	two	2
247	185.87	245.12	42.135	34.572	two	1
248	202.21	204.11	36.733	28.09	two	2
248	185.73	245.43	42.135	34.572	two	1
249	201.81	204.69	36.733	28.09	two	2
249	185.6	245.75	42.135	34.572	two	1
250	201.4	205.28	36.733	28.09	two	2
250	185.46	246.06	42.135	34.572	two	1
251	201	205.86	36.733	28.09	two	2
251	185.33	246.38	42.135	34.572	two	1
252	200.59	206.45	36.733	28.09	two	2
252	185.19	246.69	42.135	34.572	two	1
253	200.18	207.03	36.733	28.09	two	2
253	185.06	247.01	42.135	34.572	two	1
254	199.78	207.62	36.733	28.09	two	2
254	184.92	247.32	42.135	34.572	two	1
255	199.37	208.2	36.733	28.09	two	2
255	184.79	247.64	42.135	34.572	two	1
256	198.97	208.79	36.733	28.09	two	2
256	184.65	247.95	42.135	34.572	two	1
257	198.56	209.37	36.733	28.09	two	2
257	184.52	248.27	42.135	34.572	two	1
258	198.16	209.96	36.733	28.09	two	2
258	184.38	248.58	42.135	34.572	two	1
259	197.75	210.55	36.733	28.09	two	2
259	184.25	248.9	42.135	34.572	two	1
260	197.35	211.13	36.733	28.09	two	2
260	184.11	249.21	42.135	34.572	two	1
261	196.94	211.72	36.733	28.09	two	2
261	183.98	249.53	42.135	34.572	two	1
262	196.22	212.01	36.733	28.09	two	2
262	183.62	249.69	42.135	34.572	two	1
263	195.5	212.3	36.733	28.09	two	2
263	183.26	249.86	42.135	34.572	two	1
264	194.78	212.6	36.733	28.09	two	2
264	182.9	250.02	42.135	34.572	two	1
265	194.06	212.89	36.733	28.09	two	2
265	182.54	250.18	42.135	34.572	two	1
266	193.34	213.19	36.733	28.09	two	2
266	182.18	250.35	42.135	34.572	two	1
267	192.62	213.48	36.733	28.09	two	2
267	181.82	250.51	42.135	34.572	two	1
268	191.9	213.78	36.733	28.09	two	2
268	181.46	250.67	42.135	34.572	two	1
269	191.18	214.07	36.733	28.09	two	2
269	181.1	250.84	42.135	34.572	two	1
270	190.46	214.37	36.733	28.09	two	2
270	180.74	251	42.135	34.572	two	1
271	189.74	214.66	36.733	28.09	two	2
271	180.38	251.17	42.135	34.572	two	1
272	189.02	214.96	36.733	28.09	two	2
272	180.02	251.33	42.135	34.572	two	1
273	188.3	215.25	36.733	28.09	two	2
273	179.66	251.49	42.135	34.572	two	1
274	187.58	215.55	36.733	28.09	two	2
274	179.3	251.66	42.135	34.572	two	1
275	186.86	215.84	36.733	28.09	two	2
275	178.94	251.82	42.135	34.572	two	1
276	186.14	216.14	36.733	28.09	two	2
276	178.58	251.98	42.135	34.572	two	1
277	185.42	216.43	36.733	28.09	two	2
277	178.22	252.15	42.135	34.572	two	1
278	184.7	216.72	36.733	28.09	two	2
278	177.86	252.31	42.135	34.572	two	1
279	183.98	217.02	36.733	28.09	two	2
279	177.5	252.48	42.135	34.572	two	1
280	183.26	217.31	36.733	28.09	two	2
280	177.14	252.64	42.135	34.572	two	1
281	182.54	217.61	36.733	28.09	two	2
281	176.78	252.8	42.135	34.572	two	1
282	181.82	217.9	36.733	28.09	two	2
282	176.42	252.97	42.135	34.572	two	1
283	181.1	218.2	36.733	28.09	two	2
283	176.06	253.13	42.135	34.572	two	1
284	180.38	218.49	36.733	28.09	two	2
284	175.7	253.29	42.135	34.572	two	1
285	179.66	218.79	36.733	28.09	two	2
285	175.34	253.46	42.135	34.572	two	1
286	178.94	219.08	36.733	28.09	two	2
286	174.98	253.62	42.135	34.572	two	1
287	178.22	219.38	36.733	28.09	two	2
287	174.62	253.79	42.135	34.572	two	1
288	177.5	219.67	36.733	28.09	two	2
288	174.26	253.95	42.135	34.572	two	1
289	176.78	219.97	36.733	28.09	two	2
289	173.9	254.11	42.135	34.572	two	1
290	176.06	220.26	36.733	28.09	two	2
290	173.54	254.28	42.135	34.572	two	1
291	175.34	220.55	36.733	28.09	two	2
291	173.18	254.44	42.135	34.572	two	1
292	174.62	220.85	36.733	28.09	two	2
292	172.82	254.6	42.135	34.572	two	1
293	173.9	221.14	36.733	28.09	two	2
293	172.45	254.77	42.135	34.572	two	1
294	173.18	221.44	36.733	28.09	two	2
294	172.09	254.93	42.135	34.572	two	1
295	172.72	221.52	36.733	28.09	two	2
295	171.89	254.72	42.135	34.572	two	1
296	172.26	221.61	36.733	28.09	two	2
296	171.68	254.52	42.135	34.572	two	1
297	171.8	221.69	36.733	28.09	two	2
297	171.47	254.31	42.135	34.572	two	1
298	171.35	221.77	36.733	28.09	two	2
298	171.26	254.1	42.135	34.572	two	1
299	170.89	221.85	36.733	28.09	two	2
299	171.06	253.89	42.135	34.572	two	1
300	170.43	221.94	36.733	28.09	two	2
300	170.85	253.68	42.135	34.572	two	1
301	169.98	222.02	36.733	28.09	two	2
301	170.64	253.48	42.135	34.572	two	1
302	169.52	222.1	36.733	28.09	two	2
302	170.43	253.27	42.135	34.572	two	1
303	169.06	222.19	36.733	28.09	two	2
303	170.22	253.06	42.135	34.572	two	1
304	168.6	222.27	36.733	28.09	two	2
304	170.02	252.85	42.135	34.572	two	1
305	168.15	222.35	36.733	28.09	two	2
305	169.81	252.65	42.135	34.572	two	1
306	167.69	222.44	36.733	28.09	two	2
306	169.6	252.44	42.135	34.572	two	1
307	167.23	222.52	36.733	28.09	two	2
307	169.39	252.23	42.135	34.572	two	1
308	166.78	222.6	36.733	28.09	two	2
308	169.19	252.02	42.135	34.572	two	1
309	166.32	222.69	36.733	28.09	two	2
309	168.98	251.81	42.135	34.572	two	1
310	165.86	222.77	36.733	28.09	two	2
310	168.77	251.61	42.135	34.572	two	1
311	165.4	222.85	36.733	28.09	two	2
311	168.56	251.4	42.135	34.572	two	1
312	164.95	222.93	36.733	28.09	two	2
312	168.36	251.19	42.135	34.572	two	1
313	164.49	223.02	36.733	28.09	two	2
313	168.15	250.98	42.135	34.572	two	1
314	164.03	223.1	36.733	28.09	two	2
314	167.94	250.78	42.135	34.572	two	1
315	163.58	223.18	36.733	28.09	two	2
315	167.73	250.57	42.135	34.572	two	1
316	163.12	223.27	36.733	28.09	two	2
316	167.52	250.36	42.135	34.572	two	1
317	162.66	223.35	36.733	28.09	two	2
317	167.32	250.15	42.135	34.572	two	1
318	162.21	223.43	36.733	28.09	two	2
318	167.11	249.94	42.135	34.572	two	1
319	161.75	223.52	36.733	28.09	two	2
319	166.9	249.74	42.135	34.572	two	1
320	161.29	223.6	36.733	28.09	two	2
320	166.69	249.53	42.135	34.572	two	1
321	161.38	223.19	36.733	28.09	two	2
321	166.96	249.12	42.135	34.437	two	1
322	161.47	222.79	36.733	28.09	two	2
322	167.23	248.72	42.135	34.302	two	1
323	161.56	222.38	36.733	28.09	two	2
323	167.5	248.31	42.135	34.167	two	1
324	161.65	221.98	36.733	28.09	two	2
324	167.77	247.91	42.135	34.032	two	1
325	161.74	221.57	36.733	28.09	two	2
325	168.04	247.5	42.135	33.897	two	1
326	161.83	221.17	36.733	28.09	two	2
326	168.31	247.1	42.135	33.762	two	1
327	161.92	220.76	36.733	28.09	two	2
327	168.58	246.69	42.135	33.627	two	1
328	162.01	220.36	36.733	28.09	two	2
328	168.85	246.29	42.135	33.492	two	1
329	162.1	219.95	36.733	28.09	two	2
329	169.12	245.88	42.135	33.357	two	1
330	162.19	219.55	36.733	28.09	two	2
330	169.39	245.48	42.135	33.222	two	1
331	162.28	219.14	36.733	28.09	two	2
331	169.66	245.07	42.135	33.087	two	1
332	162.37	218.74	36.733	28.09	two	2
332	169.93	244.67	42.135	32.952	two	1
333	162.46	218.33	36.733	28.09	two	2
333	170.2	244.26	42.135	32.817	two	1
334	162.55	217.93	36.733	28.09	two	2
334	170.47	243.86	42.135	32.682	two	1
335	162.64	217.52	36.733	28.09	two	2
335	170.74	243.45	42.135	32.547	two	1
336	162.73	217.12	36.733	28.09	two	2
336	171.01	243.05	42.135	32.412	two	1
337	162.82	216.71	36.733	28.09	two	2
337	171.28	242.64	42.135	32.277	two	1
338	162.91	216.31	36.733	28.09	two	2
338	171.55	242.24	42.135	32.141	two	1
339	163	215.9	36.733	28.09	two	2
339	171.82	241.83	42.135	32.006	two	1
340	163.09	215.5	36.733	28.09	two	2
340	172.09	241.43	42.135	31.871	two	1
341	163.18	215.09	36.733	28.09	two	2
341	172.36	241.02	42.135	31.736	two	1
342	163.27	214.69	36.733	28.09	two	2
342	172.64	240.62	42.135	31.601	two	1
343	163.36	214.28	36.733	28.09	two	2
343	172.91	240.21	42.135	31.466	two	1
344	163.45	213.88	36.733	28.09	two	2
344	173.18	239.81	42.135	31.331	two	1
345	163.45	214.19	36.264	27.778	two	2
345	173.55	239.81	41.76	30.847	two	1
346	163.45	214.5	35.796	27.465	two	2
346	173.93	239.81	41.385	30.362	two	1
347	163.45	214.81	35.327	27.153	two	2
347	174.3	239.81	41.01	29.878	two	1
348	163.45	215.13	34.858	26.84	two	2
348	174.68	239.81	40.635	29.394	two	1
349	163.45	215.44	34.389	26.528	two	2
349	175.05	239.81	40.26	28.909	two	1
350	163.45	215.75	33.921	26.215	two	2
350	175.43	239.81	39.885	28.425	two	1
351	163.45	216.06	33.452	25.903	two	2
351	175.8	239.81	39.51	27.941	two	1
352	163.45	216.38	32.983	25.59	two	2
352	176.18	239.81	39.135	27.456	two	1
353	163.45	216.69	32.514	25.278	two	2
353	176.55	239.81	38.76	26.972	two	1
354	163.45	217	32.046	24.965	two	2
354	176.93	239.81	38.385	26.487	two	1
355	163.45	217.31	31.577	24.653	two	2
355	177.3	239.81	38.01	26.003	two	1
356	163.45	217.63	31.108	24.34	two	2
356	177.68	239.81	37.635	25.519	two	1
357	163.45	217.94	30.639	24.028	two	2
357	178.05	239.81	37.26	25.034	two	1
358	163.45	218.25	30.171	23.715	two	2
358	178.43	239.81	36.885	24.55	two	1
359	163.45	218.56	29.702	23.403	two	2
359	178.8	239.81	36.51	24.066	two	1
360	163.45	218.88	29.233	23.09	two	2
360	179.18	239.81	36.135	23.581	two	1
361	163.48	218.63	29.233	23.09	two	2
361	179.38	239.47	36.135	23.581	two	1
362	163.5	218.38	29.233	23.09	two	2
362	179.58	239.13	36.135	23.581	two	1
363	163.53	218.13	29.233	23.09	two	2
363	179.78	238.79	36.135	23.581	two	1
364	163.55	217.88	29.233	23.09	two	2
364	179.98	238.46	36.135	23.581	two	1
365	163.58	217.63	29.233	23.09	two	2
365	180.18	238.12	36.135	23.581	two	1
366	163.6	217.38	29.233	23.09	two	2
366	180.38	237.78	36.135	23.581	two	1
367	163.63	217.13	29.233	23.09	two	2
367	180.58	237.44	36.135	23.581	two	1
368	163.65	216.88	29.233	23.09	two	2
368	180.78	237.11	36.135	23.581	two	1
369	163.68	216.63	29.233	23.09	two	2
369	180.98	236.77	36.135	23.581	two	1
370	163.7	216.38	29.233	23.09	two	2
370	181.18	236.43	36.135	23.581	two	1
371	163.73	216.13	29.233	23.09	two	2
371	181.38	236.09	36.135	23.581	two	1
372	163.75	215.88	29.233	23.09	two	2
372	181.58	235.76	36.135	23.581	two	1
373	163.78	215.63	29.233	23.09	two	2
373	181.78	235.42	36.135	23.581	two	1
374	163.8	215.38	29.233	23.09	two	2
374	181.98	235.08	36.135	23.581	two	1
375	163.83	215.13	29.233	23.09	two	2
375	182.18	234.74	36.135	23.581	two	1
376	163.85	214.88	29.233	23.09	two	2
376	182.38	234.41	36.135	23.581	two	1
377	163.88	214.63	29.233	23.09	two	2
377	182.58	234.07	36.135	23.581	two	1
378	163.9	214.38	29.233	23.09	two	2
378	182.78	233.73	36.135	23.581	two	1
379	163.93	214.13	29.233	23.09	two	2
379	182.98	233.39	36.135	23.581	two	1
380	163.95	213.88	29.233	23.09	two	2
380	183.18	233.06	36.135	23.581	two	1
381	163.64	213.55	29.233	23.09	two	2
381	183.26	232.29	36.135	23.802	two	1
382	163.33	213.23	29.233	23.09	two	2
382	183.35	231.53	36.135	24.022	two	1
383	163.03	212.91	29.233	23.09	two	2
383	183.44	230.76	36.135	24.243	two	1
384	162.72	212.58	29.233	23.09	two	2
384	183.53	230	36.135	24.464	two	1
385	162.41	212.26	29.233	23.09	two	2
385	183.62	229.23	36.135	24.684	two	1
386	162.1	211.94	29.233	23.09	two	2
386	183.7	228.47	36.135	24.905	two	1
387	161.79	211.61	29.233	23.09	two	2
387	183.79	227.7	36.135	25.125	two	1
388	161.48	211.29	29.233	23.09	two	2
388	183.88	226.94	36.135	25.346	two	1
389	161.17	210.96	29.233	23.09	two	2
389	183.97	226.17	36.135	25.566	two	1
390	160.86	210.64	29.233	23.09	two	2
390	184.06	225.41	36.135	25.787	two	1
391	160.55	210.32	29.233	23.09	two	2
391	184.15	224.64	36.135	26.008	two	1
392	160.25	209.99	29.233	23.09	two	2
392	184.23	223.88	36.135	26.228	two	1
393	159.94	209.67	29.233	23.09	two	2
393	184.32	223.11	36.135	26.449	two	1
394	159.63	209.35	29.233	23.09	two	2
394	184.41	222.35	36.135	26.669	two	1
395	159.32	209.02	29.233	23.09	two	2
395	184.5	221.58	36.135	26.89	two	1
396	159.01	208.7	29.233	23.09	two	2
396	184.59	220.82	36.135	27.111	two	1
397	158.7	208.38	29.233	23.09	two	2
397	184.68	220.06	36.135	27.331	two	1