1	172	124	49	44	seven	1
1	91	173	52	45	seven	2
1	37	230	46	42	seven	3
2	168	124	49	52	seven	1
2	91	171	55	55	seven	2
2	33	231	45	49	seven	3
3	168	127	48	51	seven	1
3	92	175	56	54	seven	2
3	36	234	43	51	seven	3
4	167	128	48	51	seven	1
4	93	178	55	53	seven	2
4	36	236	42	50	seven	3
5	167	130	49	52	seven	1
5	93	179	54	52	seven	2
5	35	239	42	49	seven	3
6	166	131	50	53	seven	1
6	90	178	54	60	seven	2
6	35	241	42	49	seven	3
7	165	133	50	54	seven	1
7	89	180	54	60	seven	2
7	35	243	42	49	seven	3
8	164	135	51	55	seven	1
8	88	182	55	59	seven	2
8	34	245	44	49	seven	3
9	164	137	51	55	seven	1
9	87	185	57	57	seven	2
9	34	248	43	48	seven	3
10	164	139	51	54	seven	1
10	87	187	57	56	seven	2
10	33	251	43	47	seven	3
11	164	141	50	54	seven	1
11	86	190	57	55	seven	2
11	31	254	44	47	seven	3
12	163	142	51	54	seven	1
12	87	192	57	55	seven	2
12	30	257	44	48	seven	3
13	162	144	51	54	seven	1
13	88	195	56	53	seven	2
13	29	258	45	49	seven	3
14	162	145	51	54	seven	1
14	89	197	56	53	seven	2
14	32	261	42	49	seven	3
15	161	146	51	54	seven	1
15	90	200	54	52	seven	2
15	32	263	41	49	seven	3
16	161	148	51	54	seven	1
16	89	202	55	52	seven	2
16	32	265	40	48	seven	3
17	160	150	51	54	seven	1
17	90	204	53	52	seven	2
17	31	268	41	48	seven	3
18	160	151	50	55	seven	1
18	90	205	53	52	seven	2
18	31	270	41	49	seven	3
19	159	152	51	54	seven	1
19	85	206	54	56	seven	2
19	30	271	42	51	seven	3
20	158	154	53	56	seven	1
20	83	208	54	55	seven	2
20	30	273	43	50	seven	3
21	158	155	52	57	seven	1
21	82	210	55	54	seven	2
21	31	275	42	50	seven	3
22	159	157	51	57	seven	1
22	82	211	55	55	seven	2
22	30	277	43	50	seven	3
23	160	159	49	56	seven	1
23	82	213	55	54	seven	2
23	29	279	45	51	seven	3
24	10	0	30	25	seven	4
24	160	161	50	56	seven	1
24	84	215	53	54	seven	2
24	29	281	45	51	seven	3
25	10	0	29	27	seven	4
25	160	163	50	55	seven	1
25	84	217	53	54	seven	2
25	29	283	45	51	seven	3
26	9	0	28	28	seven	4
26	160	164	51	56	seven	1
26	85	219	53	54	seven	2
26	28	284	47	50	seven	3
27	7	0	28	30	seven	4
27	160	166	51	56	seven	1
27	86	221	53	54	seven	2
27	28	284	48	49	seven	3
28	6	0	29	31	seven	4
28	159	167	52	56	seven	1
28	87	222	53	54	seven	2
28	31	290	41	45	seven	3
29	5	0	29	33	seven	4
29	159	168	52	57	seven	1
29	88	224	53	53	seven	2
29	31	291	42	44	seven	3
30	5	0	29	33	seven	4
30	159	170	51	56	seven	1
30	88	226	53	53	seven	2
30	31	293	43	42	seven	3
31	4	0	28	34	seven	4
31	160	171	50	57	seven	1
31	88	228	53	53	seven	2
31	31	294	43	41	seven	3
32	3	0	28	34	seven	4
32	160	172	50	57	seven	1
32	89	229	52	54	seven	2
32	32	297	43	38	seven	3
33	2	0	28	34	seven	4
33	160	173	49	56	seven	1
33	90	230	51	54	seven	2
33	33	299	43	36	seven	3
34	1	0	29	35	seven	4
34	161	175	48	56	seven	1
34	85	231	55	59	seven	2
34	34	301	44	34	seven	3
35	1	1	29	36	seven	4
35	161	175	48	58	seven	1
35	84	233	56	58	seven	2
35	35	302	44	33	seven	3
36	2	1	28	38	seven	4
36	161	176	49	58	seven	1
36	84	235	56	57	seven	2
36	36	304	43	31	seven	3
37	2	2	28	38	seven	4
37	161	177	49	58	seven	1
37	84	236	56	57	seven	2
37	36	306	43	29	seven	3
38	2	2	27	40	seven	4
38	160	178	50	61	seven	1
38	85	238	56	57	seven	2
38	36	308	42	27	seven	3
39	0	2	28	41	seven	4
39	160	180	50	60	seven	1
39	86	240	55	57	seven	2
39	36	311	42	24	seven	3
40	0	1	26	43	seven	4
40	160	182	50	60	seven	1
40	87	243	54	56	seven	2
40	35	313	43	22	seven	3
41	0	1	26	43	seven	4
41	160	185	51	59	seven	1
41	89	244	52	56	seven	2
41	35	313	43	22	seven	3
42	0	2	26	41	seven	4
42	161	187	51	58	seven	1
42	91	246	52	55	seven	2
42	38	320	45	15	seven	3
43	1	2	26	41	seven	4
43	161	188	52	58	seven	1
43	92	247	52	56	seven	2
43	38	320	45	15	seven	3
44	2	3	26	39	seven	4
44	161	190	52	58	seven	1
44	93	249	52	56	seven	2
45	3	3	26	37	seven	4
45	161	191	52	58	seven	1
45	94	251	51	56	seven	2
46	0	2	20	52	seven	4
46	162	193	51	57	seven	1
46	95	253	50	55	seven	2
47	0	2	19	53	seven	4
47	162	195	51	56	seven	1
47	95	254	50	55	seven	2
48	0	3	18	52	seven	4
48	163	196	49	56	seven	1
48	92	256	50	60	seven	2
49	0	4	17	52	seven	4
49	164	198	48	55	seven	1
49	93	258	50	58	seven	2
50	0	5	16	52	seven	4
50	164	200	48	54	seven	1
50	92	259	51	58	seven	2
51	0	6	16	52	seven	4
51	165	202	47	53	seven	1
51	92	261	51	57	seven	2
52	0	7	16	52	seven	4
52	164	203	49	54	seven	1
52	92	262	52	58	seven	2
53	0	8	16	51	seven	4
53	164	204	49	54	seven	1
53	92	264	53	58	seven	2
54	0	10	16	49	seven	4
54	164	205	49	53	seven	1
54	92	265	54	59	seven	2
55	0	10	16	49	seven	4
55	164	205	52	61	seven	1
55	92	267	55	59	seven	2
56	0	10	16	49	seven	4
56	165	207	51	62	seven	1
56	93	269	54	60	seven	2
57	0	10	16	49	seven	4
57	165	209	51	62	seven	1
57	94	270	54	60	seven	2
58	0	10	16	49	seven	4
58	166	211	50	62	seven	1
58	95	271	54	60	seven	2
59	0	10	16	49	seven	4
59	17	0	39	25	seven	5
59	166	213	51	61	seven	1
59	95	273	54	59	seven	2
60	0	10	16	49	seven	4
60	18	0	40	25	seven	5
60	166	214	51	60	seven	1
60	95	275	54	58	seven	2
61	0	10	16	49	seven	4
61	18	0	42	26	seven	5
61	166	215	51	59	seven	1
61	94	277	55	57	seven	2
62	0	10	16	49	seven	4
62	18	0	43	27	seven	5
62	166	215	51	59	seven	1
62	94	277	55	57	seven	2
63	0	10	16	49	seven	4
63	18	0	44	28	seven	5
63	168	218	51	60	seven	1
63	95	280	53	55	seven	2
64	0	10	16	49	seven	4
64	18	0	44	28	seven	5
64	170	221	50	59	seven	1
64	96	281	52	54	seven	2
65	0	10	16	49	seven	4
65	18	0	44	28	seven	5
65	171	223	50	58	seven	1
65	96	282	52	53	seven	2
66	0	10	16	49	seven	4
66	18	0	44	28	seven	5
66	171	226	50	56	seven	1
66	95	286	54	49	seven	2
67	0	10	16	49	seven	4
67	18	0	44	28	seven	5
67	170	228	51	56	seven	1
67	95	288	54	47	seven	2
68	0	10	16	49	seven	4
68	16	2	44	31	seven	5
68	169	228	51	58	seven	1
68	96	289	54	46	seven	2
69	0	10	16	49	seven	4
69	16	2	45	32	seven	5
69	171	228	51	65	seven	1
69	97	291	54	44	seven	2
70	0	10	16	49	seven	4
70	16	2	45	33	seven	5
70	170	232	51	63	seven	1
70	98	293	52	42	seven	2
71	0	10	16	49	seven	4
71	16	2	45	35	seven	5
71	170	236	51	61	seven	1
71	98	295	51	40	seven	2
72	0	10	16	49	seven	4
72	15	2	46	37	seven	5
72	170	239	52	60	seven	1
72	98	297	51	38	seven	2
73	0	10	16	49	seven	4
73	15	2	46	38	seven	5
73	170	241	52	59	seven	1
73	97	298	50	37	seven	2
74	15	3	46	38	seven	5
74	0	30	10	59	seven	4
74	171	242	52	60	seven	1
74	96	301	51	34	seven	2
75	15	3	46	39	seven	5
75	0	31	11	58	seven	4
75	172	245	52	58	seven	1
75	95	303	52	32	seven	2
76	15	3	45	40	seven	5
76	0	31	12	60	seven	4
76	172	248	53	57	seven	1
76	96	306	51	29	seven	2
77	14	3	45	42	seven	5
77	0	32	14	60	seven	4
77	172	251	54	55	seven	1
77	96	308	51	27	seven	2
78	14	3	45	42	seven	5
78	0	32	14	60	seven	4
78	172	251	54	55	seven	1
78	96	308	51	27	seven	2
79	14	3	45	43	seven	5
79	1	32	16	62	seven	4
79	171	255	54	54	seven	1
79	97	312	49	23	seven	2
80	14	4	44	41	seven	5
80	2	31	17	64	seven	4
80	170	255	53	55	seven	1
80	96	315	48	20	seven	2
81	18	6	43	45	seven	5
81	3	32	17	63	seven	4
81	174	256	49	61	seven	1
81	95	316	47	19	seven	2
82	18	7	44	44	seven	5
82	3	32	17	63	seven	4
82	173	259	48	61	seven	1
82	93	318	46	17	seven	2
83	19	8	44	43	seven	5
83	3	32	17	63	seven	4
83	173	261	49	60	seven	1
83	93	320	44	15	seven	2
84	20	9	44	44	seven	5
84	3	32	17	63	seven	4
84	172	264	51	59	seven	1
84	94	321	42	14	seven	2
85	20	9	44	45	seven	5
85	3	32	17	63	seven	4
85	172	265	53	60	seven	1
86	20	10	44	47	seven	5
86	0	54	12	57	seven	4
86	172	267	54	59	seven	1
87	19	11	46	48	seven	5
87	0	54	12	57	seven	4
87	171	268	55	60	seven	1
88	19	12	45	49	seven	5
88	0	54	12	58	seven	4
88	171	270	56	59	seven	1
89	19	14	46	48	seven	5
89	0	55	12	58	seven	4
89	171	273	55	57	seven	1
90	19	14	46	48	seven	5
90	0	55	12	58	seven	4
90	171	273	55	57	seven	1
91	20	16	47	49	seven	5
91	0	55	12	61	seven	4
91	170	278	55	56	seven	1
92	20	17	47	48	seven	5
92	0	56	12	61	seven	4
92	170	280	54	55	seven	1
93	20	17	47	48	seven	5
93	0	56	12	61	seven	4
93	170	280	54	55	seven	1
94	20	19	47	48	seven	5
94	0	58	13	63	seven	4
94	173	286	50	49	seven	1
95	20	20	47	48	seven	5
95	0	58	14	64	seven	4
95	172	288	52	47	seven	1
96	20	22	46	47	seven	5
96	0	58	15	64	seven	4
96	172	290	52	45	seven	1
97	20	23	46	46	seven	5
97	0	58	15	64	seven	4
97	172	293	52	42	seven	1
98	21	24	44	46	seven	5
98	0	59	16	63	seven	4
98	171	295	53	40	seven	1
99	21	24	44	47	seven	5
99	1	60	16	62	seven	4
99	171	297	53	38	seven	1
100	22	24	42	48	seven	5
100	2	61	16	61	seven	4
100	172	299	52	36	seven	1
101	22	30	44	49	seven	5
101	4	63	16	60	seven	4
101	172	301	52	34	seven	1
102	22	30	44	49	seven	5
102	4	63	16	60	seven	4
102	172	301	52	34	seven	1
103	21	33	46	48	seven	5
102	4	63	16	60	seven	4
103	170	303	52	32	seven	1
104	21	34	46	48	seven	5
104	0	79	12	55	seven	4
104	169	305	51	30	seven	1
105	21	35	47	48	seven	5
105	0	79	12	57	seven	4
105	169	307	49	28	seven	1
106	21	36	47	49	seven	5
106	0	79	12	58	seven	4
106	169	309	46	25	seven	1
107	21	36	47	50	seven	5
107	0	80	13	58	seven	4
107	171	311	41	23	seven	1
108	21	37	47	50	seven	5
108	0	80	13	59	seven	4
109	21	38	47	50	seven	5
109	0	80	14	60	seven	4
110	22	39	46	51	seven	5
110	0	81	14	60	seven	4
111	22	41	45	49	seven	5
111	0	82	13	61	seven	4
112	22	41	45	50	seven	5
112	0	83	12	61	seven	4
113	22	42	45	50	seven	5
113	0	83	12	61	seven	4
114	21	43	46	50	seven	5
114	0	83	11	61	seven	4
115	120	0	42	19	seven	6
115	22	44	45	50	seven	5
115	0	84	12	60	seven	4
116	119	0	44	21	seven	6
116	22	46	45	51	seven	5
116	0	84	14	61	seven	4
117	119	0	44	23	seven	6
117	22	48	45	51	seven	5
117	0	86	16	60	seven	4
118	119	0	45	25	seven	6
118	22	48	44	52	seven	5
118	1	87	17	61	seven	4
119	108	0	51	30	seven	6
119	23	54	43	52	seven	5
119	3	90	16	59	seven	4
120	108	0	51	31	seven	6
120	22	55	45	51	seven	5
120	6	91	15	60	seven	4
121	109	0	49	31	seven	6
121	22	57	46	51	seven	5
121	7	91	16	60	seven	4
122	116	0	50	28	seven	6
122	21	58	47	51	seven	5
122	7	91	16	60	seven	4
123	115	0	51	29	seven	6
123	21	59	47	52	seven	5
123	7	91	16	60	seven	4
124	115	0	51	29	seven	6
124	21	59	47	52	seven	5
124	7	91	16	60	seven	4
125	114	0	52	34	seven	6
125	20	60	49	54	seven	5
125	0	106	11	63	seven	4
126	114	0	53	37	seven	6
126	20	60	49	54	seven	5
126	0	106	10	64	seven	4
127	114	0	53	38	seven	6
127	20	61	50	54	seven	5
127	0	107	10	64	seven	4
128	115	0	52	40	seven	6
128	20	62	50	54	seven	5
128	0	108	10	63	seven	4
129	116	0	51	41	seven	6
129	20	63	49	54	seven	5
129	0	109	10	61	seven	4
130	116	1	52	42	seven	6
130	19	64	50	54	seven	5
130	0	109	10	60	seven	4
131	116	1	53	44	seven	6
131	19	66	50	53	seven	5
131	0	111	10	57	seven	4
132	115	2	56	44	seven	6
132	19	68	49	53	seven	5
132	0	112	11	58	seven	4
133	112	2	55	49	seven	6
133	19	70	49	53	seven	5
133	0	114	13	57	seven	4
134	112	2	55	51	seven	6
134	19	72	49	53	seven	5
134	1	114	13	60	seven	4
135	113	4	54	50	seven	6
135	19	72	49	55	seven	5
135	3	114	12	61	seven	4
136	171	0	52	14	seven	7
136	113	6	54	49	seven	6
136	20	78	49	55	seven	5
137	169	0	53	15	seven	7
137	113	8	54	48	seven	6
137	19	80	50	54	seven	5
138	168	0	52	16	seven	7
138	113	9	54	48	seven	6
138	18	81	52	54	seven	5
139	167	0	51	19	seven	7
139	113	10	54	49	seven	6
139	17	82	53	54	seven	5
140	166	0	51	22	seven	7
140	113	11	54	49	seven	6
140	16	83	54	55	seven	5
141	166	0	51	25	seven	7
141	113	12	55	51	seven	6
141	17	84	53	55	seven	5
142	165	0	51	28	seven	7
142	113	13	54	51	seven	6
142	16	85	53	55	seven	5
143	165	0	51	30	seven	7
143	114	15	53	51	seven	6
143	16	86	52	55	seven	5
144	164	0	53	32	seven	7
144	114	17	52	50	seven	6
144	15	87	52	55	seven	5
145	165	0	52	33	seven	7
145	114	20	51	48	seven	6
145	14	88	53	56	seven	5
146	164	0	54	34	seven	7
146	114	22	50	48	seven	6
146	14	90	53	56	seven	5
147	165	0	53	36	seven	7
147	113	24	52	49	seven	6
147	14	91	52	57	seven	5
148	164	0	53	38	seven	7
148	113	24	53	51	seven	6
148	13	93	52	56	seven	5
149	165	0	52	40	seven	7
149	113	26	51	53	seven	6
149	13	95	50	55	seven	5
150	164	0	52	41	seven	7
150	112	28	51	51	seven	6
150	14	97	48	55	seven	5
151	163	0	54	43	seven	7
151	113	31	50	49	seven	6
151	13	98	47	55	seven	5
152	162	1	55	44	seven	7
152	113	33	50	48	seven	6
152	14	99	45	55	seven	5
153	162	2	57	44	seven	7
153	113	35	50	47	seven	6
153	9	104	53	54	seven	5
154	218	0	55	14	seven	8
154	163	3	53	48	seven	7
154	111	36	50	49	seven	6
154	8	104	54	56	seven	5
155	216	0	56	15	seven	8
155	163	4	53	47	seven	7
155	110	36	52	51	seven	6
155	8	105	55	57	seven	5
156	215	0	56	17	seven	8
156	162	4	55	49	seven	7
156	110	36	53	53	seven	6
156	7	105	55	59	seven	5
157	215	0	57	19	seven	8
157	163	5	54	49	seven	7
157	110	37	53	54	seven	6
157	6	107	56	58	seven	5
158	214	0	58	21	seven	8
158	163	5	56	51	seven	7
158	109	37	54	55	seven	6
158	6	108	55	58	seven	5
159	214	0	58	23	seven	8
159	163	6	56	52	seven	7
159	109	39	54	55	seven	6
159	6	109	54	58	seven	5
160	214	0	57	25	seven	8
160	163	7	56	53	seven	7
160	109	41	53	55	seven	6
160	5	110	54	59	seven	5
161	214	0	56	28	seven	8
161	164	9	54	53	seven	7
161	108	44	55	54	seven	6
161	5	111	53	60	seven	5
162	214	0	56	31	seven	8
162	163	11	54	52	seven	7
162	107	46	56	54	seven	6
162	5	113	51	60	seven	5
163	215	0	55	34	seven	8
163	162	13	54	51	seven	7
163	107	47	55	55	seven	6
163	5	116	50	58	seven	5
164	215	0	54	36	seven	8
164	161	15	54	50	seven	7
164	107	48	54	54	seven	6
164	5	119	49	56	seven	5
165	215	0	54	36	seven	8
165	161	15	54	50	seven	7
165	107	48	54	54	seven	6
165	5	119	49	56	seven	5
166	214	0	56	39	seven	8
166	160	19	52	51	seven	7
166	109	55	52	53	seven	6
166	3	122	48	56	seven	5
167	212	0	59	41	seven	8
167	159	21	52	52	seven	7
167	109	57	52	52	seven	6
167	3	123	47	56	seven	5
168	211	0	60	43	seven	8
168	158	22	53	54	seven	7
168	108	58	53	52	seven	6
168	4	124	46	57	seven	5
169	72	1	54	36	one	9
169	210	0	60	44	seven	8
169	161	26	50	54	seven	7
169	108	59	53	52	seven	6
169	5	124	44	58	seven	5
170	70	1	56	37	one	9
170	210	0	59	46	seven	8
170	161	26	50	54	seven	7
170	108	59	52	53	seven	6
170	1	128	50	57	seven	5
171	68	1	58	38	one	9
171	209	0	62	47	seven	8
171	161	27	50	54	seven	7
171	107	58	53	55	seven	6
171	0	128	51	59	seven	5
172	68	1	58	39	one	9
172	208	0	65	48	seven	8
172	264	0	59	19	seven	10
172	161	28	50	54	seven	7
172	106	59	54	56	seven	6
172	0	129	49	59	seven	5
173	67	1	59	39	one	9
173	262	0	61	20	seven	10
173	210	2	54	51	seven	8
173	161	29	51	54	seven	7
173	105	60	53	57	seven	6
173	0	130	49	60	seven	5
174	66	1	61	40	one	9
174	259	0	62	21	seven	10
174	210	2	54	52	seven	8
174	160	31	52	53	seven	7
174	103	63	54	57	seven	6
174	0	130	49	61	seven	5
175	66	1	61	41	one	9
175	259	0	61	23	seven	10
175	209	2	55	54	seven	8
175	159	31	53	54	seven	7
175	102	65	53	57	seven	6
175	0	131	49	61	seven	5
176	65	2	62	41	one	9
176	259	0	60	25	seven	10
176	209	2	55	55	seven	8
176	157	35	50	52	seven	7
176	101	68	53	57	seven	6
176	0	132	48	61	seven	5
177	64	2	63	42	one	9
177	260	0	58	27	seven	10
177	208	3	56	56	seven	8
177	156	36	52	53	seven	7
177	101	70	52	58	seven	6
177	0	135	48	60	seven	5
178	63	4	64	40	one	9
178	261	0	57	30	seven	10
178	208	5	58	56	seven	8
178	156	37	52	54	seven	7
178	100	72	52	58	seven	6
178	0	137	47	59	seven	5
179	262	0	57	32	seven	10
179	65	4	61	48	one	9
179	206	7	60	56	seven	8
179	155	38	52	55	seven	7
179	99	73	53	58	seven	6
179	0	139	47	59	seven	5
180	262	0	58	34	seven	10
180	64	5	61	48	one	9
180	205	8	61	56	seven	8
180	155	39	52	57	seven	7
180	97	78	59	55	seven	6
180	0	140	46	59	seven	5
181	262	0	58	34	seven	10
181	64	5	61	48	one	9
181	205	8	61	56	seven	8
181	155	39	52	57	seven	7
181	97	78	59	55	seven	6
181	0	140	46	59	seven	5
182	260	0	60	38	seven	10
182	62	7	63	48	one	9
182	205	10	60	57	seven	8
182	154	43	51	57	seven	7
182	96	81	60	56	seven	6
182	0	143	45	62	seven	5
183	259	0	61	39	seven	10
183	61	8	65	49	one	9
183	204	12	60	57	seven	8
183	153	45	51	57	seven	7
183	96	83	58	55	seven	6
183	0	144	44	63	seven	5
184	259	0	60	41	seven	10
184	60	10	66	49	one	9
184	202	15	62	58	seven	8
184	152	46	52	57	seven	7
184	96	84	57	55	seven	6
184	0	145	42	64	seven	5
185	259	0	60	41	seven	10
185	60	10	66	49	one	9
185	202	15	62	58	seven	8
185	152	46	52	57	seven	7
185	96	84	57	55	seven	6
185	0	145	42	64	seven	5
186	259	0	61	45	seven	10
186	59	11	68	52	one	9
186	200	17	62	62	seven	8
186	152	52	57	57	seven	7
186	96	86	55	56	seven	6
186	0	152	44	62	seven	5
187	258	0	61	46	seven	10
187	59	13	68	53	one	9
187	200	18	62	62	seven	8
187	153	53	55	57	seven	7
187	96	88	54	57	seven	6
187	0	153	44	62	seven	5
188	257	0	59	47	seven	10
188	59	15	67	53	one	9
188	201	18	60	61	seven	8
188	153	55	54	56	seven	7
188	95	90	54	59	seven	6
188	0	155	44	62	seven	5
189	58	18	69	52	one	9
189	262	1	63	54	seven	10
189	204	25	56	59	seven	8
189	152	57	54	56	seven	7
189	94	92	54	61	seven	6
189	0	157	43	61	seven	5
190	57	21	70	51	one	9
190	263	2	62	53	seven	10
190	203	26	57	59	seven	8
190	152	59	53	56	seven	7
190	92	95	55	61	seven	6
190	0	160	43	60	seven	5
191	60	20	57	54	one	9
191	262	2	63	55	seven	10
191	203	28	57	58	seven	8
191	150	62	54	55	seven	7
191	91	96	56	62	seven	6
191	0	162	42	60	seven	5
192	61	22	55	54	one	9
192	262	2	63	57	seven	10
192	202	30	58	58	seven	8
192	150	64	52	56	seven	7
192	90	97	55	62	seven	6
192	0	165	42	59	seven	5
193	261	2	64	58	seven	10
193	58	27	62	51	one	9
193	202	31	58	59	seven	8
193	149	66	52	57	seven	7
193	95	104	58	56	seven	6
193	0	167	42	61	seven	5
194	261	3	63	59	seven	10
194	57	27	64	53	one	9
194	201	34	59	58	seven	8
194	149	68	51	58	seven	7
194	94	106	59	55	seven	6
194	0	169	42	63	seven	5
195	260	3	63	60	seven	10
195	57	28	64	54	one	9
195	201	36	59	59	seven	8
195	149	70	51	59	seven	7
195	94	107	58	57	seven	6
195	0	170	41	65	seven	5
196	259	4	63	60	seven	10
196	56	30	65	55	one	9
196	201	36	54	60	seven	8
196	148	72	52	58	seven	7
196	92	109	58	57	seven	6
196	0	172	39	63	seven	5
197	258	7	63	59	seven	10
197	56	33	64	54	one	9
197	201	38	54	62	seven	8
197	148	77	55	56	seven	7
197	91	111	57	57	seven	6
197	0	178	41	60	seven	5
198	258	7	63	59	seven	10
198	56	33	64	54	one	9
198	201	38	54	62	seven	8
198	148	77	55	56	seven	7
198	91	111	57	57	seven	6
198	0	178	41	60	seven	5
199	254	11	65	60	seven	10
199	57	37	59	57	one	9
199	201	42	54	63	seven	8
199	146	81	55	55	seven	7
199	89	115	54	58	seven	6
199	0	181	40	61	seven	5
200	252	14	67	59	seven	10
200	56	40	59	58	one	9
200	200	43	55	63	seven	8
200	145	83	53	55	seven	7
200	88	117	53	59	seven	6
200	0	183	39	61	seven	5
201	251	16	68	61	seven	10
201	55	43	60	58	one	9
201	200	43	54	63	seven	8
201	144	85	52	55	seven	7
201	87	120	54	60	seven	6
201	0	185	39	60	seven	5
202	249	17	70	62	seven	10
202	54	45	61	58	one	9
202	196	49	61	62	seven	8
202	142	87	53	56	seven	7
202	86	122	55	60	seven	6
202	0	187	38	61	seven	5
203	54	46	60	58	one	9
203	256	23	63	59	seven	10
203	196	50	61	62	seven	8
203	141	89	54	57	seven	7
203	91	126	58	60	seven	6
203	0	190	38	60	seven	5
204	256	24	63	59	seven	10
204	48	53	65	52	one	9
204	196	51	60	63	seven	8
204	140	91	54	58	seven	7
204	90	129	58	58	seven	6
204	0	193	38	60	seven	5
205	256	25	63	59	seven	10
205	49	53	63	55	one	9
205	196	52	60	64	seven	8
205	139	94	55	58	seven	7
205	89	132	57	56	seven	6
205	0	196	38	61	seven	5
206	256	25	63	61	seven	10
206	49	55	63	56	one	9
206	195	53	61	64	seven	8
206	139	97	55	57	seven	7
206	89	134	54	55	seven	6
206	0	199	37	59	seven	5
207	256	25	63	61	seven	10
207	49	55	63	56	one	9
207	195	53	61	64	seven	8
207	139	97	55	57	seven	7
207	89	134	54	55	seven	6
207	0	199	37	59	seven	5
208	255	29	63	61	seven	10
208	49	59	62	57	one	9
208	192	57	60	65	seven	8
208	137	103	54	55	seven	7
208	87	138	51	53	seven	6
208	0	206	36	58	seven	5
209	253	31	64	60	seven	10
209	49	61	61	57	one	9
209	191	60	60	66	seven	8
209	138	104	55	56	seven	7
209	86	140	50	53	seven	6
209	0	207	37	59	seven	5
210	250	34	65	59	seven	10
210	48	63	60	57	one	9
210	190	65	60	65	seven	8
210	138	106	55	56	seven	7
210	86	142	49	54	seven	6
210	0	209	37	60	seven	5
211	250	34	65	59	seven	10
211	48	63	60	57	one	9
211	190	65	60	65	seven	8
211	138	106	55	56	seven	7
211	86	142	49	54	seven	6
211	0	209	37	60	seven	5
212	248	37	65	57	seven	10
212	47	66	61	57	one	9
212	190	67	59	65	seven	8
212	137	108	55	56	seven	7
212	86	144	50	56	seven	6
212	0	210	36	62	seven	5
213	245	43	65	58	seven	10
213	46	71	62	56	one	9
213	189	71	58	60	seven	8
213	134	111	54	57	seven	7
213	85	148	51	57	seven	6
213	0	216	34	61	seven	5
214	244	45	66	58	seven	10
214	46	73	62	56	one	9
214	188	77	60	57	seven	8
214	133	113	54	58	seven	7
214	88	152	52	60	seven	6
214	0	219	34	60	seven	5
215	245	46	63	57	seven	10
215	45	73	60	58	one	9
215	188	78	59	57	seven	8
215	132	116	53	57	seven	7
215	87	153	53	60	seven	6
215	0	222	33	59	seven	5
216	251	52	56	53	seven	10
216	39	78	66	55	one	9
216	188	79	59	58	seven	8
216	131	118	54	58	seven	7
216	86	154	53	60	seven	6
216	0	224	32	59	seven	5
217	250	52	58	55	seven	10
217	39	79	65	57	one	9
217	187	80	59	59	seven	8
217	131	121	54	57	seven	7
217	85	155	53	60	seven	6
217	0	226	30	58	seven	5
218	250	52	58	55	seven	10
218	39	79	65	57	one	9
218	187	80	59	59	seven	8
218	131	121	54	57	seven	7
218	85	155	53	60	seven	6
218	0	226	30	58	seven	5
219	241	54	64	58	seven	10
219	40	84	60	57	one	9
219	185	84	58	63	seven	8
219	134	125	53	55	seven	7
219	84	160	51	56	seven	6
219	0	233	31	59	seven	5
220	242	56	63	57	seven	10
220	40	86	60	57	one	9
220	185	86	58	64	seven	8
220	132	129	51	56	seven	7
220	83	164	51	53	seven	6
220	0	236	32	59	seven	5
221	242	56	63	57	seven	10
221	40	86	60	57	one	9
221	185	86	58	64	seven	8
221	132	129	51	56	seven	7
221	83	164	51	53	seven	6
221	0	236	32	59	seven	5
222	241	58	64	58	seven	10
222	40	90	61	59	one	9
222	184	91	59	65	seven	8
222	133	132	53	56	seven	7
222	82	169	51	55	seven	6
222	0	241	31	57	seven	5
223	241	58	64	58	seven	10
223	40	90	61	59	one	9
223	184	91	59	65	seven	8
223	133	132	53	56	seven	7
223	82	169	51	55	seven	6
223	0	241	31	57	seven	5
224	239	61	66	62	seven	10
224	40	96	62	57	one	9
224	182	94	59	64	seven	8
224	133	135	53	56	seven	7
224	81	173	52	58	seven	6
224	0	246	27	55	seven	5
225	239	61	66	62	seven	10
225	40	96	62	57	one	9
225	182	94	59	64	seven	8
225	133	135	53	56	seven	7
225	81	173	52	58	seven	6
225	0	246	27	55	seven	5
226	239	66	65	60	seven	10
226	37	100	63	55	one	9
226	183	103	61	60	seven	8
226	130	139	52	57	seven	7
226	82	178	52	60	seven	6
226	0	249	26	56	seven	5
227	239	68	63	59	seven	10
227	32	101	68	59	one	9
227	183	105	61	59	seven	8
227	128	141	54	58	seven	7
227	82	180	52	59	seven	6
227	0	251	25	56	seven	5
228	239	70	61	57	seven	10
228	34	102	65	60	one	9
228	182	107	61	59	seven	8
228	127	144	55	58	seven	7
228	82	181	51	59	seven	6
228	0	252	25	55	seven	5
229	239	70	61	57	seven	10
229	34	102	65	60	one	9
229	182	107	61	59	seven	8
229	127	144	55	58	seven	7
229	82	181	51	59	seven	6
229	0	252	25	55	seven	5
230	238	77	61	57	seven	10
230	35	108	62	59	one	9
230	180	110	58	60	seven	8
230	128	147	55	59	seven	7
230	82	186	50	56	seven	6
230	0	262	26	55	seven	5
231	238	77	62	58	seven	10
231	35	110	62	59	one	9
231	180	112	57	60	seven	8
231	129	153	51	57	seven	7
231	80	189	50	55	seven	6
231	1	264	26	55	seven	5
232	237	79	63	58	seven	10
232	34	113	62	59	one	9
232	179	114	58	61	seven	8
232	130	154	50	57	seven	7
232	79	192	50	55	seven	6
232	1	266	26	55	seven	5
233	236	80	62	59	seven	10
233	34	115	62	60	one	9
233	179	116	58	62	seven	8
233	130	156	51	57	seven	7
233	79	195	49	54	seven	6
233	0	269	27	55	seven	5
234	234	81	63	60	seven	10
234	34	116	62	61	one	9
234	178	119	58	61	seven	8
234	130	158	52	56	seven	7
234	78	197	50	55	seven	6
234	0	271	25	56	seven	5
235	233	82	63	61	seven	10
235	34	119	62	60	one	9
235	176	121	58	61	seven	8
235	130	159	52	57	seven	7
235	78	199	50	55	seven	6
235	0	273	25	56	seven	5
236	251	0	62	36	eight	11
236	232	84	64	61	seven	10
236	33	121	63	60	one	9
236	175	122	58	60	seven	8
236	128	160	53	57	seven	7
236	77	200	50	57	seven	6
236	0	275	24	55	seven	5
237	252	1	61	37	eight	11
237	231	87	64	60	seven	10
237	32	124	63	57	one	9
237	178	128	61	58	seven	8
237	126	163	53	57	seven	7
237	75	202	51	56	seven	6
237	0	275	24	57	seven	5
238	253	1	59	39	eight	11
238	230	90	64	59	seven	10
238	32	126	62	55	one	9
238	177	128	61	58	seven	8
238	124	166	54	56	seven	7
238	76	204	51	60	seven	6
238	0	275	24	59	seven	5
239	252	1	60	41	eight	11
239	230	93	63	58	seven	10
239	28	127	64	58	one	9
239	175	129	61	59	seven	8
239	123	168	55	57	seven	7
239	75	206	51	59	seven	6
239	0	275	23	60	seven	5
240	250	1	62	43	eight	11
240	230	95	62	57	seven	10
240	29	128	62	59	one	9
240	173	131	61	59	seven	8
240	122	170	56	58	seven	7
240	75	208	50	58	seven	6
240	0	275	22	60	seven	5
241	249	1	63	44	eight	11
241	230	102	59	56	seven	10
241	29	130	60	60	one	9
241	172	132	60	60	seven	8
241	122	171	55	58	seven	7
241	74	211	50	57	seven	6
241	0	275	20	59	seven	5
242	248	1	64	45	eight	11
242	230	102	60	58	seven	10
242	27	133	61	60	one	9
242	172	133	59	61	seven	8
242	121	172	54	59	seven	7
242	73	213	49	57	seven	6
242	1	276	18	58	seven	5
243	243	0	76	53	eight	11
243	229	102	62	60	seven	10
243	25	136	62	59	one	9
243	171	134	58	62	seven	8
243	121	173	52	60	seven	7
243	72	214	49	58	seven	6
243	1	277	16	55	seven	5
244	242	0	76	53	eight	11
244	229	104	63	59	seven	10
244	23	138	63	59	one	9
244	170	135	58	65	seven	8
244	124	178	48	60	seven	7
244	71	216	50	58	seven	6
245	240	0	77	54	eight	11
245	228	106	64	59	seven	10
245	22	141	63	58	one	9
245	168	138	60	65	seven	8
245	123	179	50	60	seven	7
245	70	219	51	57	seven	6
246	239	0	78	56	eight	11
246	226	108	65	59	seven	10
246	22	144	62	56	one	9
246	167	141	61	65	seven	8
246	122	181	51	59	seven	7
246	70	222	51	56	seven	6
247	238	0	79	58	eight	11
247	225	109	65	60	seven	10
247	23	147	61	55	one	9
247	166	144	62	64	seven	8
247	122	182	51	59	seven	7
247	69	224	52	56	seven	6
248	238	1	79	59	eight	11
248	224	111	65	58	seven	10
248	24	149	60	54	one	9
248	166	146	61	63	seven	8
248	121	184	51	59	seven	7
248	68	227	52	55	seven	6
249	239	2	77	60	eight	11
249	224	112	64	58	seven	10
249	24	152	60	52	one	9
249	165	147	62	62	seven	8
249	120	187	51	57	seven	7
249	69	229	50	53	seven	6
250	240	4	74	60	eight	11
250	223	115	65	57	seven	10
250	24	153	60	52	one	9
250	166	151	62	62	seven	8
250	119	191	52	56	seven	7
250	68	232	53	55	seven	6
251	240	4	74	60	eight	11
251	223	115	65	57	seven	10
251	24	153	60	52	one	9
251	166	151	62	62	seven	8
251	119	191	52	56	seven	7
251	68	232	53	55	seven	6
252	236	6	70	66	eight	11
252	223	120	64	55	seven	10
252	22	153	64	59	one	9
252	166	154	62	61	seven	8
252	118	196	53	56	seven	7
252	69	235	52	53	seven	6
253	236	9	70	66	eight	11
253	226	128	62	56	seven	10
253	23	155	61	59	one	9
253	166	156	61	61	seven	8
253	118	198	52	56	seven	7
253	69	237	51	53	seven	6
254	236	9	70	66	eight	11
254	226	128	62	56	seven	10
254	23	155	61	59	one	9
254	166	156	61	61	seven	8
254	118	198	52	56	seven	7
254	69	237	51	53	seven	6
255	235	13	71	67	eight	11
255	226	129	63	58	seven	10
255	22	160	62	59	one	9
255	167	159	59	62	seven	8
255	118	200	51	58	seven	7
255	68	240	52	54	seven	6
256	235	15	70	67	eight	11
256	226	130	64	59	seven	10
256	22	164	61	57	one	9
256	167	160	60	65	seven	8
256	122	205	50	57	seven	7
256	68	242	53	54	seven	6
257	235	16	70	67	eight	11
257	227	133	64	57	seven	10
257	22	167	61	56	one	9
257	167	162	60	66	seven	8
257	121	206	51	57	seven	7
257	68	244	53	55	seven	6
258	236	17	68	66	eight	11
258	226	135	65	57	seven	10
258	22	170	60	55	one	9
258	167	165	60	66	seven	8
258	121	207	51	57	seven	7
258	68	246	53	55	seven	6
259	236	17	68	66	eight	11
259	226	135	65	57	seven	10
259	22	170	60	55	one	9
259	167	165	60	66	seven	8
259	121	207	51	57	seven	7
259	68	246	53	55	seven	6
260	235	22	72	66	eight	11
260	224	136	65	59	seven	10
260	25	175	59	53	one	9
260	167	170	61	63	seven	8
260	120	212	52	56	seven	7
260	69	252	52	54	seven	6
261	236	19	85	76	eight	11
261	223	138	66	59	seven	10
261	25	177	61	52	one	9
261	166	171	62	62	seven	8
261	120	214	51	57	seven	7
261	69	254	51	54	seven	6
262	237	20	84	78	eight	11
262	223	141	66	58	seven	10
262	25	179	61	51	one	9
262	165	172	64	62	seven	8
262	120	217	52	57	seven	7
262	69	255	50	54	seven	6
263	237	20	84	78	eight	11
263	223	141	66	58	seven	10
263	25	179	61	51	one	9
263	165	172	64	62	seven	8
263	120	217	52	57	seven	7
263	69	255	50	54	seven	6
264	238	24	82	78	eight	11
264	225	146	63	57	seven	10
264	24	178	65	60	one	9
264	168	179	63	61	seven	8
264	120	222	53	56	seven	7
264	70	260	54	54	seven	6
265	238	26	81	77	eight	11
265	226	153	63	58	seven	10
265	25	179	63	61	one	9
265	168	180	62	61	seven	8
265	120	223	53	57	seven	7
265	70	261	54	55	seven	6
266	231	28	78	77	eight	11
266	226	152	63	61	seven	10
266	26	182	61	60	one	9
266	168	182	61	61	seven	8
266	120	224	52	58	seven	7
266	70	263	55	55	seven	6
267	236	31	83	76	eight	11
267	225	153	64	61	seven	10
267	26	186	60	59	one	9
267	168	184	60	61	seven	8
267	120	225	52	58	seven	7
267	71	266	54	54	seven	6
268	237	34	81	74	eight	11
268	225	154	64	61	seven	10
268	25	188	61	59	one	9
268	168	185	59	64	seven	8
268	123	233	50	52	seven	7
268	71	268	54	54	seven	6
269	416	0	101	67	four	12
269	237	37	80	73	eight	11
269	225	156	64	60	seven	10
269	25	191	60	57	one	9
269	168	187	59	65	seven	8
269	123	234	51	52	seven	7
269	72	270	53	54	seven	6
270	275	0	53	18	eight	13
270	416	0	104	66	four	12
270	233	42	74	67	eight	11
270	225	158	64	60	seven	10
270	26	194	59	56	one	9
270	168	190	59	64	seven	8
270	123	235	51	53	seven	7
270	72	272	53	53	seven	6
271	274	0	54	21	eight	13
271	415	0	107	67	four	12
271	236	42	84	74	eight	11
271	224	159	65	61	seven	10
271	26	196	59	56	one	9
271	169	193	58	64	seven	8
271	123	237	51	52	seven	7
271	72	274	52	53	seven	6
272	273	0	56	24	eight	13
272	416	0	106	67	four	12
272	235	43	86	75	eight	11
272	224	160	64	61	seven	10
272	27	199	58	55	one	9
272	170	195	58	63	seven	8
272	122	240	52	52	seven	7
272	72	276	51	52	seven	6
273	272	0	58	26	eight	13
273	414	0	109	68	four	12
273	236	43	84	78	eight	11
273	224	162	64	60	seven	10
273	26	201	60	55	one	9
273	169	197	58	61	seven	8
273	121	242	52	52	seven	7
273	71	279	50	51	seven	6
274	271	0	60	29	eight	13
274	413	0	110	68	four	12
274	237	44	83	79	eight	11
274	223	164	64	60	seven	10
274	25	203	62	54	one	9
274	172	204	60	60	seven	8
274	120	244	52	52	seven	7
274	71	281	49	51	seven	6
275	269	0	63	30	eight	13
275	412	0	112	69	four	12
275	237	46	83	79	eight	11
275	223	167	63	59	seven	10
275	25	205	63	52	one	9
275	169	205	62	60	seven	8
275	120	246	53	52	seven	7
275	70	283	50	49	seven	6
276	267	0	66	32	eight	13
276	411	0	113	71	four	12
276	235	53	71	67	eight	11
276	223	171	61	56	seven	10
276	25	204	64	59	one	9
276	167	206	63	60	seven	8
276	120	248	53	52	seven	7
276	71	287	53	48	seven	6
277	263	0	71	34	eight	13
277	410	0	115	73	four	12
277	235	56	71	67	eight	11
277	223	174	60	55	seven	10
277	26	205	62	59	one	9
277	167	208	63	60	seven	8
277	120	250	53	53	seven	7
277	72	288	52	47	seven	6
278	261	0	75	37	eight	13
278	408	0	117	76	four	12
278	230	53	80	75	eight	11
278	226	178	62	60	seven	10
278	27	207	60	59	one	9
278	167	210	62	60	seven	8
278	120	251	53	53	seven	7
278	72	290	52	45	seven	6
279	258	0	80	39	eight	13
279	407	0	119	78	four	12
279	233	61	76	68	eight	11
279	226	178	62	60	seven	10
279	27	207	60	59	one	9
279	167	210	62	60	seven	8
279	120	251	53	53	seven	7
279	72	290	52	45	seven	6
280	258	0	80	41	eight	13
280	406	0	120	80	four	12
280	230	59	80	74	eight	11
280	225	180	63	59	seven	10
280	25	213	60	59	one	9
280	169	212	60	62	seven	8
280	119	253	52	55	seven	7
280	72	294	52	40	seven	6
281	259	0	80	43	eight	13
281	404	0	122	82	four	12
281	230	62	80	73	eight	11
281	225	181	63	59	seven	10
281	24	215	60	58	one	9
281	169	213	61	64	seven	8
281	121	259	52	53	seven	7
281	72	297	52	37	seven	6
282	261	0	78	44	eight	13
282	403	0	126	84	four	12
282	230	64	80	72	eight	11
282	224	183	63	59	seven	10
282	24	218	59	57	one	9
282	169	216	61	64	seven	8
282	120	259	53	55	seven	7
282	72	300	52	35	seven	6
283	262	0	77	46	eight	13
283	402	0	129	86	four	12
283	232	67	77	74	eight	11
283	222	185	63	58	seven	10
283	24	221	58	55	one	9
283	167	218	62	64	seven	8
283	120	260	54	56	seven	7
283	73	302	51	33	seven	6
284	261	0	77	48	eight	13
284	404	0	126	89	four	12
284	231	67	78	75	eight	11
284	222	186	62	59	seven	10
284	25	224	57	54	one	9
284	166	220	62	64	seven	8
284	119	262	54	56	seven	7
284	75	304	48	31	seven	6
285	261	0	78	50	eight	13
285	405	0	123	92	four	12
285	230	68	79	76	eight	11
285	221	188	62	58	seven	10
285	25	226	57	54	one	9
285	165	221	61	64	seven	8
285	119	264	54	57	seven	7
285	76	306	45	29	seven	6
286	255	1	87	52	eight	13
286	406	0	119	95	four	12
286	228	69	81	77	eight	11
286	221	190	62	58	seven	10
286	25	228	58	54	one	9
286	164	222	61	64	seven	8
286	118	266	54	57	seven	7
286	76	308	44	27	seven	6
287	255	1	87	52	eight	13
287	406	0	119	95	four	12
287	228	69	81	77	eight	11
287	221	190	62	58	seven	10
287	25	228	58	54	one	9
287	164	222	61	64	seven	8
287	118	266	54	57	seven	7
287	76	308	44	27	seven	6
288	249	0	96	56	eight	13
288	403	0	122	99	four	12
288	228	72	80	78	eight	11
288	220	196	61	57	seven	10
288	24	230	59	55	one	9
288	165	232	59	60	seven	8
288	117	271	54	56	seven	7
288	74	311	45	24	seven	6
289	247	0	97	57	eight	13
289	402	0	124	100	four	12
289	227	75	79	77	eight	11
289	220	198	60	57	seven	10
289	21	231	64	58	one	9
289	164	234	59	60	seven	8
289	116	273	54	55	seven	7
289	72	313	47	22	seven	6
290	247	0	95	58	eight	13
290	382	0	139	101	four	12
290	227	79	78	75	eight	11
290	224	203	60	61	seven	10
290	21	233	62	58	one	9
290	163	236	60	60	seven	8
290	116	274	53	55	seven	7
291	247	0	93	60	eight	13
291	388	0	131	113	four	12
291	225	82	79	74	eight	11
291	225	205	59	59	seven	10
291	20	235	62	58	one	9
291	162	238	60	59	seven	8
291	115	275	52	56	seven	7
292	251	0	88	65	eight	13
292	389	0	129	116	four	12
292	224	85	80	73	eight	11
292	225	206	58	60	seven	10
292	19	237	62	59	one	9
292	162	239	60	60	seven	8
292	115	277	50	56	seven	7
293	251	0	88	65	eight	13
293	389	0	129	116	four	12
293	224	85	80	73	eight	11
293	225	206	58	60	seven	10
293	19	237	62	59	one	9
293	162	239	60	60	seven	8
293	115	277	50	56	seven	7
294	248	0	90	69	eight	13
294	386	0	133	120	four	12
294	222	88	80	74	eight	11
294	222	209	60	60	seven	10
294	18	242	62	59	one	9
294	161	241	60	62	seven	8
294	114	277	50	58	seven	7
295	247	0	88	71	eight	13
295	383	0	138	121	four	12
295	226	92	71	70	eight	11
295	221	210	61	60	seven	10
295	17	245	62	58	one	9
295	159	242	60	64	seven	8
295	113	276	53	59	seven	7
296	247	0	88	71	eight	13
296	383	0	138	121	four	12
296	226	92	71	70	eight	11
296	221	210	61	60	seven	10
296	17	245	62	58	one	9
296	159	242	60	64	seven	8
296	113	276	53	59	seven	7
297	246	0	85	76	eight	13
297	380	0	141	124	four	12
297	218	93	83	79	eight	11
297	219	213	61	59	seven	10
297	17	249	61	57	one	9
297	156	248	61	62	seven	8
297	109	286	61	49	seven	7
298	246	2	83	76	eight	13
298	380	0	139	125	four	12
298	217	95	83	78	eight	11
298	218	215	60	59	seven	10
298	17	251	61	55	one	9
298	155	251	61	59	seven	8
298	108	287	61	48	seven	7
299	246	2	83	76	eight	13
299	380	0	139	125	four	12
299	217	95	83	78	eight	11
299	218	215	60	59	seven	10
299	17	251	61	55	one	9
299	155	251	61	59	seven	8
299	108	287	61	48	seven	7
300	244	6	82	77	eight	13
300	381	5	134	124	four	12
300	219	101	80	75	eight	11
300	215	220	62	60	seven	10
300	17	255	61	53	one	9
300	154	256	63	63	seven	8
300	106	297	54	36	seven	7
301	243	8	82	77	eight	13
301	381	8	133	124	four	12
301	218	104	80	74	eight	11
301	215	223	61	60	seven	10
301	16	256	62	53	one	9
301	153	258	64	64	seven	8
301	106	298	54	37	seven	7
302	243	10	81	76	eight	13
302	379	11	137	122	four	12
302	220	109	73	68	eight	11
302	213	225	63	60	seven	10
302	14	258	65	56	two	9
302	153	259	64	65	seven	8
302	107	298	52	37	seven	7
303	242	12	83	75	eight	13
303	376	12	143	121	four	12
303	221	112	72	67	eight	11
303	217	231	59	57	seven	10
303	14	259	65	56	two	9
303	152	261	64	65	seven	8
303	108	299	49	36	seven	7
304	241	13	85	75	eight	13
304	373	12	148	122	four	12
304	221	114	73	68	eight	11
304	216	232	60	57	seven	10
304	18	260	52	59	one	9
304	153	263	63	64	seven	8
304	109	301	46	34	seven	7
305	242	18	85	71	eight	13
305	381	15	136	129	four	12
305	216	114	80	70	eight	11
305	216	233	60	56	seven	10
305	17	261	54	60	one	9
305	152	265	64	63	seven	8
305	108	303	46	32	seven	7
306	241	19	87	72	eight	13
306	382	15	134	130	four	12
306	215	115	80	71	eight	11
306	216	235	61	55	seven	10
306	15	262	58	60	one	9
306	152	268	64	61	seven	8
306	106	306	49	29	seven	7
307	240	20	87	73	eight	13
307	383	16	130	131	four	12
307	220	117	73	71	eight	11
307	216	237	60	54	seven	10
307	15	263	59	59	one	9
307	152	270	64	61	seven	8
307	103	309	53	26	seven	7
308	240	20	87	73	eight	13
308	383	16	130	131	four	12
308	220	117	73	71	eight	11
308	216	237	60	54	seven	10
308	15	263	59	59	one	9
308	152	270	64	61	seven	8
308	103	309	53	26	seven	7
309	240	24	85	74	eight	13
309	378	17	133	133	four	12
309	214	119	82	78	eight	11
309	214	240	61	55	seven	10
309	14	266	61	61	one	9
309	153	273	61	59	seven	8
309	97	316	61	19	seven	7
310	240	27	84	73	eight	13
310	376	19	137	133	four	12
310	214	121	81	77	eight	11
310	214	243	61	54	seven	10
310	14	268	61	63	one	9
310	153	274	61	59	seven	8
311	240	29	83	73	eight	13
311	375	22	139	132	four	12
311	213	124	81	75	eight	11
311	212	246	62	54	seven	10
311	14	270	61	63	one	9
311	152	275	63	59	seven	8
312	240	31	82	73	eight	13
312	376	26	137	130	four	12
312	217	129	72	66	eight	11
312	210	248	62	54	seven	10
312	14	272	61	63	one	9
312	151	279	60	55	seven	8
313	240	33	82	73	eight	13
313	375	29	138	128	four	12
313	216	132	71	66	eight	11
313	208	250	63	55	seven	10
313	15	273	60	62	one	9
313	151	281	60	53	seven	8
314	241	34	80	74	eight	13
314	373	31	141	127	four	12
314	217	135	69	66	eight	11
314	208	252	63	55	seven	10
314	15	275	59	60	one	9
314	145	287	66	48	seven	8
315	241	35	80	76	eight	13
315	369	34	146	124	four	12
315	217	138	69	66	eight	11
315	15	277	58	58	one	9
315	208	256	61	59	seven	10
315	144	288	69	47	seven	8
316	240	37	80	76	eight	13
316	366	36	149	123	four	12
316	216	140	70	67	eight	11
316	16	280	56	55	one	9
316	207	257	62	59	seven	10
316	144	288	69	47	seven	8
317	236	41	83	76	eight	13
317	366	37	146	123	four	12
317	215	142	72	67	eight	11
317	207	259	62	59	seven	10
317	9	290	68	42	one	9
317	144	289	69	46	seven	8
318	236	42	83	76	eight	13
318	367	38	142	124	four	12
318	215	143	72	68	eight	11
318	207	261	63	58	seven	10
318	9	289	69	44	one	9
318	144	289	68	46	seven	8
319	237	44	82	75	eight	13
319	378	44	128	123	four	12
319	214	145	74	68	eight	11
319	207	263	62	57	seven	10
319	8	288	70	46	one	9
319	143	289	69	46	seven	8
320	238	46	80	74	eight	13
320	377	46	127	121	four	12
320	214	145	73	69	eight	11
320	207	264	61	57	seven	10
320	7	289	71	46	one	9
320	142	290	70	45	seven	8
321	238	48	79	73	eight	13
321	374	47	129	121	four	12
321	207	145	82	76	eight	11
321	206	266	61	57	seven	10
321	7	290	69	45	one	9
321	141	291	71	44	seven	8
322	238	50	79	73	eight	13
322	373	48	131	122	four	12
322	206	146	83	78	eight	11
322	204	267	63	58	seven	10
322	7	293	67	42	one	9
322	141	293	71	42	seven	8
323	238	50	79	73	eight	13
323	373	48	131	122	four	12
323	206	146	83	78	eight	11
323	204	267	63	58	seven	10
323	7	293	67	42	one	9
323	141	293	71	42	seven	8
324	231	51	82	76	eight	13
324	371	49	135	125	four	12
324	206	148	83	78	eight	11
324	202	270	64	56	seven	10
324	8	295	63	40	one	9
324	140	294	73	41	seven	8
325	230	55	83	77	eight	13
325	369	53	139	129	four	12
325	206	152	82	78	eight	11
325	200	275	62	54	seven	10
325	10	299	58	36	one	9
325	138	300	73	35	seven	8
326	230	57	82	78	eight	13
326	368	57	142	127	four	12
326	207	154	80	77	eight	11
326	200	277	62	55	seven	10
326	10	301	57	34	one	9
326	137	302	71	33	seven	8
327	395	0	83	44	four	14
327	229	60	82	77	eight	13
327	365	60	147	125	four	12
327	207	156	79	77	eight	11
327	200	278	61	55	seven	10
327	9	304	57	31	one	9
327	135	306	69	29	seven	8
328	395	0	87	45	four	14
328	229	62	81	77	eight	13
328	363	63	148	123	four	12
328	207	158	77	77	eight	11
328	200	280	62	53	seven	10
328	8	306	58	29	one	9
328	135	308	65	27	seven	8
329	393	0	93	46	four	14
329	229	63	81	78	eight	13
329	361	66	145	120	four	12
329	207	160	77	77	eight	11
329	200	282	61	51	seven	10
329	7	308	59	27	one	9
329	134	311	64	24	seven	8
330	257	2	56	14	eight	15
330	381	0	102	55	four	14
330	232	67	78	76	eight	13
330	369	73	131	118	four	12
330	205	163	79	75	eight	11
330	201	283	60	51	seven	10
330	7	311	60	24	one	9
330	134	312	64	23	seven	8
331	255	2	57	14	eight	15
331	378	0	109	59	four	14
331	230	68	79	77	eight	13
331	367	74	131	118	four	12
331	204	167	79	71	eight	11
331	7	314	59	21	one	9
331	133	313	65	22	seven	8
331	187	288	70	47	seven	10
332	255	2	57	14	eight	15
332	378	0	109	59	four	14
332	230	68	79	77	eight	13
332	367	74	131	118	four	12
332	204	167	79	71	eight	11
332	7	314	59	21	one	9
332	133	313	65	22	seven	8
332	187	288	70	47	seven	10
333	252	2	61	18	eight	15
333	375	0	112	58	four	14
333	227	71	83	78	eight	13
333	361	79	140	114	four	12
333	206	175	68	61	eight	11
333	190	287	69	48	seven	10
334	252	1	62	21	eight	15
334	376	0	110	59	four	14
334	225	74	85	76	eight	13
334	357	79	145	116	four	12
334	204	176	71	66	eight	11
334	191	288	68	47	seven	10
335	252	0	63	24	eight	15
335	377	0	110	61	four	14
335	224	77	84	75	eight	13
335	355	79	147	120	four	12
335	201	173	84	77	eight	11
335	191	289	66	46	seven	10
336	253	0	64	27	eight	15
336	379	0	108	64	four	14
336	223	80	84	75	eight	13
336	354	81	147	122	four	12
336	200	175	84	78	eight	11
336	190	290	66	45	seven	10
337	251	0	66	30	eight	15
337	380	0	106	67	four	14
337	222	83	85	75	eight	13
337	356	84	143	123	four	12
337	199	178	84	76	eight	11
337	188	291	67	44	seven	10
338	251	0	67	33	eight	15
338	382	0	102	71	four	14
338	222	85	85	75	eight	13
338	355	87	143	123	four	12
338	200	180	82	76	eight	11
338	187	293	69	42	seven	10
339	253	0	65	37	eight	15
339	383	0	100	74	four	14
339	221	88	85	74	eight	13
339	352	88	147	123	four	12
339	199	183	82	75	eight	11
339	186	295	70	40	seven	10
340	255	0	64	39	eight	15
340	383	0	99	76	four	14
340	221	90	84	73	eight	13
340	345	88	155	124	four	12
340	201	190	74	65	eight	11
340	187	297	69	38	seven	10
341	255	0	64	42	eight	15
341	381	0	101	79	four	14
341	221	91	83	74	eight	13
341	342	90	157	122	four	12
341	201	193	73	63	eight	11
341	187	299	67	36	seven	10
342	253	0	67	43	eight	15
342	380	0	101	82	four	14
342	220	95	87	71	eight	13
342	358	99	131	117	four	12
342	197	192	83	69	eight	11
342	185	302	67	33	seven	10
343	251	0	69	45	eight	15
343	379	0	102	84	four	14
343	217	96	90	71	eight	13
343	357	101	130	117	four	12
343	195	194	84	68	eight	11
343	184	305	66	30	seven	10
344	250	0	69	48	eight	15
344	379	0	101	87	four	14
344	216	98	92	71	eight	13
344	355	103	132	116	four	12
344	198	200	74	60	eight	11
344	184	308	63	27	seven	10
345	249	0	68	50	eight	15
345	378	0	101	90	four	14
345	215	100	90	72	eight	13
345	354	105	134	116	four	12
345	198	203	71	56	eight	11
345	186	310	58	25	seven	10
346	248	0	68	51	eight	15
346	377	0	102	91	four	14
346	214	102	88	73	eight	13
346	355	107	134	117	four	12
346	197	202	69	65	eight	11
346	186	312	56	23	seven	10
347	242	0	71	51	eight	15
347	375	0	103	93	four	14
347	213	104	86	74	eight	13
347	356	108	132	118	four	12
347	197	203	69	66	eight	11
347	186	314	55	21	seven	10
348	241	0	72	53	eight	15
348	373	0	105	95	four	14
348	212	106	85	75	eight	13
348	356	109	130	120	four	12
348	197	205	68	66	eight	11
348	185	316	53	19	seven	10
349	242	0	69	55	eight	15
349	372	1	105	96	four	14
349	211	108	86	76	eight	13
349	356	111	130	121	four	12
349	185	199	77	80	eight	11
349	186	317	49	17	seven	10
350	243	0	67	57	eight	15
350	369	2	109	95	four	14
350	211	110	85	76	eight	13
350	353	113	133	123	four	12
350	185	200	77	80	eight	11
350	185	318	48	16	seven	10
351	243	0	66	59	eight	15
351	369	0	103	105	four	14
351	213	111	83	78	eight	13
351	351	116	135	121	four	12
351	184	202	78	78	eight	11
352	241	0	63	66	eight	15
352	368	2	104	104	four	14
352	213	113	82	78	eight	13
352	348	117	137	121	four	12
352	184	204	78	78	eight	11
353	241	0	64	69	eight	15
353	368	4	104	103	four	14
353	214	115	80	77	eight	13
353	347	118	137	120	four	12
353	183	206	80	78	eight	11
354	240	1	65	70	eight	15
354	367	8	104	101	four	14
354	212	119	83	75	eight	13
354	361	127	116	114	four	12
354	182	209	80	77	eight	11
355	240	4	64	68	eight	15
355	367	11	104	99	four	14
355	211	120	85	75	eight	13
355	359	128	120	114	four	12
355	182	211	80	77	eight	11
356	239	6	66	67	eight	15
356	367	13	104	100	four	14
356	210	122	86	74	eight	13
356	358	129	122	116	four	12
356	181	214	79	75	eight	11
357	238	7	66	67	eight	15
357	367	15	103	100	four	14
357	210	124	84	74	eight	13
357	358	131	122	116	four	12
357	181	217	78	75	eight	11
358	238	9	66	68	eight	15
358	365	18	106	99	four	14
358	208	125	84	75	eight	13
358	359	133	120	117	four	12
358	185	225	70	68	eight	11
359	237	11	66	69	eight	15
359	364	22	108	97	four	14
359	208	128	82	75	eight	13
359	360	135	119	117	four	12
359	184	225	71	71	eight	11
360	237	13	64	69	eight	15
360	362	24	110	98	four	14
360	207	131	82	75	eight	13
360	359	138	120	116	four	12
360	182	226	72	72	eight	11
361	237	15	62	69	eight	15
361	361	25	110	99	four	14
361	206	133	81	75	eight	13
361	360	142	119	114	four	12
361	177	225	76	76	eight	11
362	237	16	59	68	eight	15
362	360	25	110	101	four	14
362	204	135	82	75	eight	13
362	333	135	148	125	four	12
362	176	227	76	76	eight	11
363	236	18	62	71	eight	15
363	368	25	97	107	four	14
363	203	136	82	76	eight	13
363	330	136	153	125	four	12
363	178	232	75	70	eight	11
364	234	21	63	69	eight	15
364	367	26	98	107	four	14
364	202	139	83	75	eight	13
364	327	136	155	128	four	12
364	176	235	77	68	eight	11
365	233	23	65	70	eight	15
365	365	28	101	106	four	14
365	201	141	83	74	eight	13
365	322	136	161	132	four	12
365	175	238	77	67	eight	11
366	232	25	67	70	eight	15
366	363	30	105	105	four	14
366	201	142	81	74	eight	13
366	340	147	131	125	four	12
366	174	241	79	66	eight	11
367	231	26	68	71	eight	15
367	362	33	106	103	four	14
367	198	145	87	77	eight	13
367	339	148	132	126	four	12
367	174	243	78	67	eight	11
368	230	28	68	70	eight	15
368	362	37	106	101	four	14
368	197	146	87	76	eight	13
368	338	150	132	125	four	12
368	173	242	81	71	eight	11
369	391	0	65	22	four	16
369	230	32	68	68	eight	15
369	363	40	104	99	four	14
369	197	149	86	74	eight	13
369	338	152	132	123	four	12
369	174	246	77	68	eight	11
370	391	0	65	22	four	16
370	230	32	68	68	eight	15
370	363	40	104	99	four	14
370	197	149	86	74	eight	13
370	338	152	132	123	four	12
370	174	246	77	68	eight	11
371	394	0	65	29	five	16
371	229	36	66	68	eight	15
371	359	45	100	97	four	14
371	197	155	85	71	eight	13
371	336	155	135	126	four	12
371	177	249	73	67	eight	11
372	394	0	65	31	five	16
372	229	37	65	70	eight	15
372	358	47	100	98	four	14
372	196	158	86	71	eight	13
372	335	158	136	125	four	12
372	174	254	76	64	eight	11
373	394	0	65	33	five	16
373	229	39	64	71	eight	15
373	357	48	102	101	four	14
373	195	160	86	71	eight	13
373	333	161	137	124	four	12
373	173	257	77	62	eight	11
374	393	0	65	36	four	16
374	229	40	62	72	eight	15
374	357	49	102	102	four	14
374	194	161	87	71	eight	13
374	330	162	141	125	four	12
374	170	259	80	62	eight	11
375	229	0	49	14	eight	17
375	392	0	65	38	four	16
375	227	44	63	70	eight	15
375	357	50	102	102	four	14
375	195	163	85	71	eight	13
375	325	164	147	124	four	12
375	169	261	81	62	eight	11
376	233	0	48	16	eight	17
376	391	0	65	40	four	16
376	225	45	65	70	eight	15
376	357	54	100	103	four	14
376	196	165	83	71	eight	13
376	323	166	149	122	four	12
376	168	262	82	63	eight	11
377	236	0	48	19	eight	17
377	392	0	64	42	four	16
377	223	48	67	68	eight	15
377	357	56	99	102	four	14
377	196	167	82	72	eight	13
377	321	168	151	121	four	12
377	168	262	81	64	eight	11
378	236	0	51	20	eight	17
378	392	0	63	44	four	16
378	222	49	68	69	eight	15
378	357	58	99	102	four	14
378	197	168	79	73	eight	13
378	321	169	150	121	four	12
378	168	264	80	65	eight	11
379	237	0	53	21	eight	17
379	390	0	65	46	four	16
379	221	51	67	68	eight	15
379	356	60	100	102	four	14
379	194	171	80	76	eight	13
379	334	176	132	119	four	12
379	168	265	80	65	eight	11
380	237	0	53	21	eight	17
380	390	0	65	46	four	16
380	221	51	67	68	eight	15
380	356	60	100	102	four	14
380	194	171	80	76	eight	13
380	334	176	132	119	four	12
380	168	265	80	65	eight	11
381	234	0	57	23	eight	17
381	386	0	69	49	four	16
381	222	55	63	68	eight	15
381	355	65	99	99	four	14
381	195	174	78	75	eight	13
381	331	178	133	120	four	12
381	167	270	81	63	eight	11
382	234	0	57	23	eight	17
382	386	0	69	49	four	16
382	222	55	63	68	eight	15
382	355	65	99	99	four	14
382	195	174	78	75	eight	13
382	331	178	133	120	four	12
382	167	270	81	63	eight	11
383	229	0	66	28	eight	17
383	380	0	77	55	four	16
383	222	60	62	69	eight	15
383	353	69	99	99	four	14
383	196	177	76	73	eight	13
383	328	182	139	121	four	12
383	169	276	77	59	eight	11
384	226	0	70	30	eight	17
384	380	0	76	56	four	16
384	222	64	63	67	eight	15
384	352	71	100	101	four	14
384	196	179	77	73	eight	13
384	326	185	141	122	four	12
384	170	279	76	56	eight	11
385	222	0	75	32	eight	17
385	380	0	76	57	four	16
385	222	66	63	68	eight	15
385	352	73	102	102	four	14
385	195	182	78	74	eight	13
385	326	188	139	122	four	12
385	171	281	76	54	eight	11
386	219	0	79	35	eight	17
386	382	0	73	58	four	16
386	223	67	61	69	eight	15
386	352	76	102	101	four	14
386	194	184	79	74	eight	13
386	324	192	140	119	four	12
386	172	283	76	51	eight	11
387	217	0	82	37	eight	17
387	383	0	71	60	four	16
387	219	72	62	64	eight	15
387	353	78	100	99	four	14
387	194	185	79	75	eight	13
387	322	194	142	119	four	12
387	164	286	81	49	eight	11
388	218	0	83	39	eight	17
388	377	0	79	70	four	16
388	217	73	66	64	eight	15
388	350	81	101	101	four	14
388	194	187	79	74	eight	13
388	320	196	145	117	four	12
388	163	287	81	48	eight	11
389	218	0	84	41	eight	17
389	377	0	78	72	four	16
389	215	75	67	64	eight	15
389	350	84	101	97	four	14
389	187	188	75	79	eight	13
389	318	198	145	115	four	12
389	162	289	80	46	eight	11
390	217	0	86	43	eight	17
390	376	0	78	73	four	16
390	212	77	69	64	eight	15
390	350	86	100	96	four	14
390	187	190	74	78	eight	13
390	326	204	132	113	four	12
390	161	290	78	45	eight	11
391	217	0	84	45	eight	17
391	377	0	76	75	four	16
391	210	78	69	65	eight	15
391	348	89	102	94	four	14
391	187	192	74	77	eight	13
391	325	204	130	114	four	12
391	161	291	76	44	eight	11
392	218	0	80	47	eight	17
392	378	2	73	69	four	16
392	210	79	67	66	eight	15
392	346	90	102	96	four	14
392	187	201	76	69	eight	13
392	323	206	129	113	four	12
392	161	292	75	43	eight	11
393	220	0	76	49	eight	17
393	377	4	74	68	four	16
393	209	81	66	67	eight	15
393	344	92	103	96	four	14
393	186	202	76	69	eight	13
393	321	208	131	111	four	12
393	160	293	77	42	eight	11
394	220	0	76	51	eight	17
394	377	6	74	67	four	16
394	209	83	65	67	eight	15
394	343	94	103	97	four	14
394	182	200	81	73	eight	13
394	316	210	136	110	four	12
394	158	294	82	41	eight	11
395	219	0	79	53	eight	17
395	374	9	73	70	four	16
395	208	86	65	67	eight	15
395	342	96	104	96	four	14
395	180	201	82	74	eight	13
395	312	210	139	113	four	12
395	156	296	85	39	eight	11
396	217	0	83	55	eight	17
396	373	11	74	70	four	16
396	207	88	67	68	eight	15
396	340	98	105	97	four	14
396	180	203	82	74	eight	13
396	309	210	140	117	four	12
396	156	298	85	37	eight	11
397	205	1	94	52	eight	17
397	373	13	73	70	four	16
397	206	90	68	68	eight	15
397	338	101	107	97	four	14
397	180	205	80	73	eight	13
397	308	212	139	119	four	12
397	155	300	83	35	eight	11
398	210	0	93	60	eight	17
398	373	14	71	70	four	16
398	206	92	68	68	eight	15
398	336	103	108	96	four	14
398	178	206	81	74	eight	13
398	309	214	136	119	four	12
398	156	302	80	33	eight	11
399	208	0	91	62	eight	17
399	372	16	70	69	four	16
399	206	93	67	68	eight	15
399	335	105	107	95	four	14
399	176	207	82	76	eight	13
399	309	217	135	117	four	12
399	156	304	79	31	eight	11
400	206	0	91	64	eight	17
400	366	15	73	78	four	16
400	206	94	66	67	eight	15
400	336	106	102	94	four	14
400	174	208	84	77	eight	13
400	306	219	138	116	four	12
400	156	307	78	28	eight	11
401	205	0	89	66	eight	17
401	365	17	73	78	four	16
401	206	99	65	64	eight	15
401	334	108	102	98	four	14
401	173	210	84	77	eight	13
401	303	221	141	114	four	12
401	155	310	79	25	eight	11
402	205	0	88	68	eight	17
402	364	18	73	80	four	16
402	205	101	66	65	eight	15
402	333	109	103	99	four	14
402	172	213	84	76	eight	13
402	300	221	146	114	four	12
402	156	312	78	23	eight	11
403	206	0	85	70	eight	17
403	370	24	63	69	four	16
403	204	102	66	67	eight	15
403	332	110	105	101	four	14
403	172	216	82	75	eight	13
403	299	223	145	112	four	12
403	156	314	79	21	eight	11
404	206	0	83	73	eight	17
404	369	26	62	68	four	16
404	202	104	67	68	eight	15
404	331	112	106	101	four	14
404	173	218	80	75	eight	13
404	299	225	143	110	four	12
404	155	315	80	20	eight	11
405	205	0	82	75	eight	17
405	368	29	62	67	four	16
405	201	105	65	68	eight	15
405	331	114	105	100	four	14
405	173	219	78	75	eight	13
405	300	226	139	109	four	12
405	153	316	81	19	eight	11
406	205	0	80	76	eight	17
406	365	31	65	67	four	16
406	201	107	64	68	eight	15
406	331	116	103	99	four	14
406	171	224	83	71	eight	13
406	302	228	135	107	four	12
406	153	318	79	17	eight	11
407	204	2	80	76	eight	17
407	363	32	67	68	four	16
407	200	110	64	67	eight	15
407	328	119	105	98	four	14
407	169	225	84	72	eight	13
407	312	240	121	95	four	12
407	154	319	76	16	eight	11
408	201	4	82	76	eight	17
408	355	30	75	76	four	16
408	199	112	66	66	eight	15
408	325	122	108	97	four	14
408	166	226	86	72	eight	13
408	313	242	120	93	four	12
408	157	322	71	12	eight	11
409	199	6	83	76	eight	17
409	354	32	76	76	four	16
409	198	113	67	67	eight	15
409	323	126	110	96	four	14
409	166	227	85	72	eight	13
409	315	243	117	92	four	12
410	198	8	84	75	eight	17
410	353	35	77	74	four	16
410	196	115	69	67	eight	15
410	322	129	110	95	four	14
410	167	228	83	73	eight	13
410	315	242	117	93	four	12
411	198	9	83	76	eight	17
411	358	42	72	67	four	16
411	195	120	63	64	eight	15
411	321	129	109	98	four	14
411	169	229	81	74	eight	13
411	315	243	115	92	four	12
412	196	11	84	76	eight	17
412	358	43	71	67	four	16
412	196	121	62	65	eight	15
412	320	130	109	98	four	14
412	169	229	81	76	eight	13
412	315	246	114	89	four	12
413	193	17	89	74	eight	17
413	356	46	66	66	four	16
413	194	125	61	62	eight	15
413	322	130	102	104	four	14
413	169	231	80	77	eight	13
413	298	241	130	94	four	12
414	192	19	90	73	eight	17
414	350	42	74	78	four	16
414	194	125	62	64	eight	15
414	321	132	103	103	four	14
414	167	233	81	77	eight	13
414	296	242	132	93	four	12
415	364	0	64	18	four	18
415	190	22	92	71	eight	17
415	351	43	73	79	four	16
415	193	127	63	64	eight	15
415	320	134	105	102	four	14
415	165	237	82	76	eight	13
415	295	244	133	91	four	12
416	366	0	64	20	four	18
416	190	23	91	72	eight	17
416	359	49	64	70	four	16
416	192	128	64	65	eight	15
416	320	136	106	101	four	14
416	163	240	84	75	eight	13
416	293	246	134	89	four	12
417	367	0	66	22	four	18
417	191	23	88	74	eight	17
417	359	51	64	71	four	16
417	191	130	65	65	eight	15
417	320	138	105	100	four	14
417	161	243	84	74	eight	13
417	292	249	136	86	four	12
418	366	0	68	23	four	18
418	193	25	83	74	eight	17
418	358	53	64	70	four	16
418	190	132	65	65	eight	15
418	319	140	105	100	four	14
418	161	244	82	75	eight	13
418	288	252	142	83	four	12
419	366	0	69	24	four	18
419	194	27	80	75	eight	17
419	356	55	65	70	four	16
419	190	135	63	64	eight	15
419	318	144	105	98	four	14
419	160	246	81	73	eight	13
419	286	254	143	81	four	12
420	365	0	69	25	four	18
420	194	29	80	76	eight	17
420	346	52	76	79	four	16
420	189	137	64	64	eight	15
420	317	148	105	96	four	14
420	162	252	84	69	eight	13
420	284	257	143	78	four	12
421	365	0	70	27	four	18
421	193	31	81	76	eight	17
421	344	55	77	78	four	16
421	188	139	64	64	eight	15
421	315	152	107	94	four	14
421	160	254	85	68	eight	13
421	285	261	139	74	four	12
422	364	0	72	31	four	18
422	192	33	82	75	eight	17
422	343	57	77	78	four	16
422	186	140	64	66	eight	15
422	316	154	105	94	four	14
422	157	255	88	68	eight	13
422	285	263	136	72	four	12
423	361	0	76	34	four	18
423	191	35	82	75	eight	17
423	341	60	78	78	four	16
423	186	141	63	68	eight	15
423	315	156	107	93	four	14
423	156	257	87	67	eight	13
423	284	265	136	70	four	12
424	357	0	81	37	four	18
424	187	35	77	78	eight	17
424	341	61	76	78	four	16
424	186	143	62	69	eight	15
424	314	156	100	95	four	14
424	155	259	87	66	eight	13
424	283	266	138	69	four	12
425	354	0	83	40	four	18
425	187	38	77	75	eight	17
425	347	69	64	71	four	16
425	186	145	60	68	eight	15
425	313	157	101	96	four	14
425	155	261	84	66	eight	13
425	282	267	138	67	four	12
426	353	0	84	42	four	18
426	188	41	76	78	eight	17
426	347	70	64	71	four	16
426	182	148	61	67	eight	15
426	313	156	98	103	four	14
426	154	263	84	66	eight	13
426	283	268	134	65	four	12
427	354	0	84	45	four	18
427	187	41	76	80	eight	17
427	341	68	71	80	four	16
427	181	149	63	67	eight	15
427	312	158	98	102	four	14
427	153	264	85	66	eight	13
427	283	270	131	63	four	12
428	354	0	85	46	four	18
428	186	41	77	82	eight	17
428	341	69	72	81	four	16
428	180	150	64	68	eight	15
428	312	160	98	102	four	14
428	151	266	86	65	eight	13
428	286	272	126	61	four	12
429	355	0	82	48	four	18
429	185	43	78	83	eight	17
429	340	71	73	81	four	16
429	178	151	64	69	eight	15
429	311	163	99	101	four	14
429	149	267	88	65	eight	13
429	289	273	121	60	four	12
430	355	0	80	49	four	18
430	183	45	79	83	eight	17
430	340	73	74	80	four	16
430	178	152	63	69	eight	15
430	310	166	100	99	four	14
430	149	269	87	63	eight	13
430	291	273	117	60	four	12
431	205	1	60	13	eight	19
431	353	0	80	50	four	18
431	182	47	79	82	eight	17
431	338	76	76	78	four	16
431	177	154	63	69	eight	15
431	309	170	100	96	four	14
431	151	273	79	62	eight	13
431	291	273	116	60	four	12
432	203	1	61	15	eight	19
432	351	0	82	52	four	18
432	180	50	80	81	eight	17
432	337	79	76	77	four	16
432	177	156	62	69	eight	15
432	307	172	101	95	four	14
432	150	275	79	60	eight	13
433	203	2	62	16	eight	19
433	349	0	83	53	four	18
433	179	52	80	81	eight	17
433	336	81	76	77	four	16
433	176	159	62	69	eight	15
433	304	174	103	94	four	14
433	149	277	79	58	eight	13
434	202	2	64	18	eight	19
434	341	0	90	56	four	18
434	177	55	82	80	eight	17
434	334	83	76	77	four	16
434	174	161	63	69	eight	15
434	301	175	105	95	four	14
434	148	278	80	57	eight	13
435	200	1	68	20	eight	19
435	343	0	88	58	four	18
435	177	56	82	81	eight	17
435	334	85	75	77	four	16
435	173	164	64	68	eight	15
435	300	177	105	97	four	14
435	147	279	82	56	eight	13
436	199	1	70	21	eight	19
436	346	0	86	62	four	18
436	177	58	81	80	eight	17
436	334	87	74	77	four	16
436	172	167	65	67	eight	15
436	301	179	104	97	four	14
436	149	280	80	54	eight	13
437	200	1	68	23	eight	19
437	347	0	83	64	four	18
437	178	60	79	80	eight	17
437	334	89	72	76	four	16
437	172	169	66	68	eight	15
437	303	181	101	97	four	14
437	145	285	81	50	eight	13
438	188	1	71	30	eight	19
438	346	0	82	66	four	18
438	179	65	79	79	eight	17
438	333	93	72	77	four	16
438	171	171	67	68	eight	15
438	304	183	98	95	four	14
438	145	287	81	48	eight	13
439	188	1	71	32	eight	19
439	346	0	80	68	four	18
439	178	66	80	80	eight	17
439	333	96	71	74	four	16
439	172	172	65	67	eight	15
439	300	184	99	100	four	14
439	146	289	79	46	eight	13
440	188	1	71	34	eight	19
440	344	0	81	71	four	18
440	176	68	83	78	eight	17
440	333	100	71	68	four	16
440	169	176	63	65	eight	15
440	301	187	98	97	four	14
440	146	292	80	43	eight	13
441	188	1	71	34	eight	19
441	344	0	81	71	four	18
441	176	68	83	78	eight	17
441	333	100	71	68	four	16
441	169	176	63	65	eight	15
441	301	187	98	97	four	14
441	146	292	80	43	eight	13
442	187	2	74	38	eight	19
442	340	1	82	75	four	18
442	172	72	83	77	eight	17
442	331	104	67	71	four	16
442	167	180	64	65	eight	15
442	297	192	103	95	four	14
442	143	295	86	40	eight	13
443	188	1	71	41	eight	19
443	339	1	81	76	four	18
443	170	75	83	77	eight	17
443	330	107	67	69	four	16
443	166	182	65	65	eight	15
443	294	194	106	95	four	14
443	132	301	91	34	eight	13
444	189	0	68	43	eight	19
444	338	3	81	76	four	18
444	169	77	83	78	eight	17
444	328	109	69	67	four	16
444	164	184	65	65	eight	15
444	292	197	106	94	four	14
444	130	301	93	33	eight	13
445	190	0	66	45	eight	19
445	337	4	81	76	four	18
445	168	79	83	78	eight	17
445	328	111	69	66	four	16
445	163	185	65	66	eight	15
445	290	198	107	94	four	14
445	129	302	93	32	eight	13
446	189	0	66	46	eight	19
446	336	5	82	76	four	18
446	167	81	84	77	eight	17
446	327	113	69	66	four	16
446	163	187	64	66	eight	15
446	288	200	109	94	four	14
446	129	303	90	30	eight	13
447	187	0	67	48	eight	19
447	335	7	82	77	four	18
447	167	83	82	77	eight	17
447	327	116	69	66	four	16
447	162	190	65	64	eight	15
447	287	201	110	95	four	14
447	130	304	88	29	eight	13
448	187	0	67	49	eight	19
448	334	8	82	78	four	18
448	167	85	82	77	eight	17
448	326	118	70	67	four	16
448	160	192	67	64	eight	15
448	287	204	109	95	four	14
448	130	305	87	28	eight	13
449	187	0	65	49	eight	19
449	332	10	83	77	four	18
449	573	51	20	78	six	20
449	166	87	81	77	eight	17
449	326	120	69	67	four	16
449	159	194	68	64	eight	15
449	287	206	107	94	four	14
449	131	307	84	25	eight	13
450	185	1	70	54	eight	19
450	336	14	73	77	four	18
450	571	52	23	82	six	20
450	164	89	80	76	eight	17
450	316	120	74	73	four	16
450	157	196	69	64	eight	15
450	286	208	106	94	four	14
450	134	309	80	23	eight	13
451	183	1	71	55	eight	19
451	335	15	74	77	four	18
451	570	53	25	83	six	20
451	161	92	88	77	eight	17
451	322	123	65	68	four	16
451	156	198	68	64	eight	15
451	285	210	106	93	four	14
451	136	310	79	21	eight	13
452	181	2	72	56	eight	19
452	334	17	74	77	four	18
452	570	54	25	83	six	20
452	158	94	90	76	eight	17
452	321	125	64	68	four	16
452	155	199	67	64	eight	15
452	285	216	103	87	four	14
452	137	310	79	21	eight	13
453	181	2	72	56	eight	19
453	334	17	74	77	four	18
453	570	54	25	83	six	20
453	158	94	90	76	eight	17
453	321	125	64	68	four	16
453	155	199	67	64	eight	15
453	285	216	103	87	four	14
453	137	310	79	21	eight	13
454	179	5	73	58	eight	19
454	330	21	79	76	four	18
454	569	58	26	82	six	20
454	154	97	90	76	eight	17
454	321	130	63	66	four	16
454	156	203	63	64	eight	15
454	282	219	106	85	four	14
454	139	311	73	20	eight	13
455	51	0	69	39	six	21
455	179	6	71	59	eight	19
455	329	23	80	76	four	18
455	570	66	25	79	six	20
455	153	99	89	76	eight	17
455	320	132	64	65	four	16
455	155	205	65	65	eight	15
455	281	221	107	84	four	14
455	140	311	69	20	eight	13
456	49	0	73	42	six	21
456	179	7	69	60	eight	19
456	329	25	79	77	four	18
456	569	67	26	78	six	20
456	152	101	88	76	eight	17
456	319	134	65	65	four	16
456	153	206	67	67	eight	15
456	280	222	107	85	four	14
456	140	313	65	18	eight	13
457	47	0	75	44	six	21
457	179	10	67	59	eight	19
457	329	27	78	77	four	18
457	568	68	27	77	six	20
457	151	104	87	75	eight	17
457	317	137	67	64	four	16
457	153	208	66	67	eight	15
457	280	224	106	86	four	14
457	140	315	62	17	eight	13
458	46	0	75	46	six	21
458	177	12	67	61	eight	19
458	329	29	78	78	four	18
458	567	71	28	75	six	20
458	150	106	87	75	eight	17
458	314	139	69	64	four	16
458	153	210	65	67	eight	15
458	279	225	106	87	four	14
458	140	317	58	15	eight	13
459	45	0	73	47	six	21
459	175	15	68	60	eight	19
459	323	30	81	81	four	18
459	566	74	29	74	six	20
459	149	109	87	74	eight	17
459	312	141	72	64	four	16
459	154	212	64	67	eight	15
459	278	228	107	85	four	14
460	43	0	75	54	six	21
460	175	18	67	59	eight	19
460	322	31	82	82	four	18
460	566	76	29	74	six	20
460	148	111	87	74	eight	17
460	311	144	73	63	four	16
460	153	214	65	66	eight	15
460	276	230	109	86	four	14
461	40	0	80	56	six	21
461	176	20	65	58	eight	19
461	320	33	83	82	four	18
461	565	78	30	75	six	20
461	147	112	87	76	eight	17
461	310	146	74	64	four	16
461	149	218	63	65	eight	15
461	276	234	109	84	four	14
462	40	0	78	57	six	21
462	177	21	62	58	eight	19
462	320	34	82	82	four	18
462	564	81	31	74	six	20
462	146	114	86	75	eight	17
462	310	146	72	66	four	16
462	149	220	63	65	eight	15
462	275	236	107	85	four	14
463	361	0	52	21	four	22
463	40	0	76	59	six	21
463	178	21	60	59	eight	19
463	319	41	81	77	four	18
463	564	83	31	74	six	20
463	144	115	87	76	eight	17
463	307	149	68	67	four	16
463	150	222	62	64	eight	15
463	274	238	106	85	four	14
464	359	0	53	23	four	22
464	41	0	73	62	six	21
464	172	28	66	53	eight	19
464	319	42	80	78	four	18
464	562	85	33	75	one	20
464	147	119	87	78	eight	17
464	309	149	64	69	four	16
464	150	224	61	63	eight	15
464	273	239	106	85	four	14
465	357	0	55	24	four	22
465	41	0	72	65	six	21
465	170	29	66	54	eight	19
465	318	44	81	77	four	18
465	559	87	36	76	one	20
465	146	121	88	78	eight	17
465	310	150	63	71	four	16
465	150	225	60	63	eight	15
465	272	240	106	85	four	14
466	357	0	55	25	four	22
466	33	0	79	73	six	21
466	169	30	66	55	eight	19
466	317	46	81	78	four	18
466	556	88	39	76	six	20
466	146	123	86	76	eight	17
466	311	152	62	70	four	16
466	150	227	56	65	eight	15
466	278	240	96	92	four	14
467	357	0	55	25	four	22
467	32	0	78	75	six	21
467	167	31	66	57	eight	19
467	316	48	81	79	four	18
467	557	100	38	62	one	20
467	147	124	84	75	eight	17
467	312	154	61	70	four	16
467	148	227	57	67	eight	15
467	276	241	98	91	four	14
468	357	0	55	25	four	22
468	32	0	78	75	six	21
468	167	31	66	57	eight	19
468	316	48	81	79	four	18
468	557	100	38	62	one	20
468	147	124	84	75	eight	17
468	312	154	61	70	four	16
468	148	227	57	67	eight	15
468	276	241	98	91	four	14
469	357	0	55	25	four	22
469	34	0	74	82	six	21
469	166	35	63	59	eight	19
469	315	51	81	80	four	18
469	555	102	38	62	one	20
469	146	129	83	73	eight	17
469	310	158	63	69	four	16
469	144	231	60	67	eight	15
469	276	246	99	86	four	14
470	357	0	55	25	four	22
470	35	0	73	84	six	21
470	165	37	62	60	eight	19
470	314	52	82	80	four	18
470	555	103	38	63	one	20
470	145	131	83	74	eight	17
470	306	161	66	67	four	16
470	143	233	61	67	eight	15
470	276	248	99	84	four	14
471	353	0	63	33	four	22
471	35	0	72	86	six	21
471	165	39	62	60	eight	19
471	312	54	84	80	four	18
471	554	104	40	64	one	20
471	145	133	82	75	eight	17
471	303	163	68	67	four	16
471	141	234	64	67	eight	15
471	275	251	99	81	four	14
472	352	0	66	36	four	22
472	34	0	73	87	six	21
472	164	41	64	60	eight	19
472	310	56	85	81	four	18
472	553	105	41	66	one	20
472	144	135	83	75	eight	17
472	302	165	69	67	four	16
472	141	236	63	67	eight	15
472	270	251	95	82	four	14
473	348	0	71	39	four	22
473	34	0	72	88	six	21
473	162	44	66	59	eight	19
473	309	58	84	81	four	18
473	553	105	42	69	one	20
473	140	133	78	81	eight	17
473	301	168	69	66	four	16
473	141	239	63	65	eight	15
473	269	253	96	79	four	14
474	346	0	74	41	four	22
474	34	0	70	89	six	21
474	161	46	66	59	eight	19
474	308	61	82	80	four	18
474	551	105	44	72	one	20
474	139	137	78	78	eight	17
474	300	169	68	68	four	16
474	141	242	61	64	eight	15
474	268	255	96	77	four	14
475	345	0	77	43	four	22
475	33	0	69	91	six	21
475	161	46	66	60	eight	19
475	306	67	83	76	four	18
475	549	105	46	74	one	20
475	139	140	77	76	eight	17
475	300	170	65	69	four	16
475	141	244	60	64	eight	15
475	268	256	95	76	four	14
476	345	0	80	45	four	22
476	31	1	69	92	six	21
476	158	53	69	53	eight	19
476	306	67	83	76	four	18
476	549	105	46	74	one	20
476	139	140	77	76	eight	17
476	300	170	65	69	four	16
476	141	244	60	64	eight	15
476	268	256	95	76	four	14
477	345	0	80	45	four	22
477	31	1	69	92	six	21
477	158	53	69	53	eight	19
477	305	68	84	76	four	18
477	548	106	46	76	one	20
477	143	143	72	79	eight	17
477	295	172	66	72	four	16
477	141	247	60	63	eight	15
477	268	257	94	77	four	14
478	344	0	85	47	four	22
478	31	3	69	91	six	21
478	157	53	70	55	eight	19
478	304	69	85	77	four	18
478	546	105	49	78	one	20
478	141	144	74	80	eight	17
478	295	175	66	70	four	16
478	140	249	60	64	eight	15
478	268	259	94	76	four	14
479	338	4	81	47	four	22
479	25	5	73	99	six	21
479	155	55	71	60	eight	19
479	302	72	86	78	four	18
479	545	103	50	87	one	20
479	137	147	77	79	eight	17
479	296	180	66	67	four	16
479	137	252	59	62	eight	15
479	266	265	95	70	four	14
480	332	0	97	56	four	22
480	25	6	73	100	six	21
480	155	56	70	63	eight	19
480	301	73	87	79	four	18
480	545	102	50	93	one	20
480	134	150	79	77	eight	17
480	296	183	66	65	four	16
480	135	254	58	64	eight	15
480	264	269	96	66	four	14
481	330	0	99	57	four	22
481	25	8	72	100	six	21
481	155	58	69	64	eight	19
481	301	76	86	78	four	18
481	546	99	49	100	one	20
481	132	153	80	76	eight	17
481	296	185	66	64	four	16
481	133	255	59	64	eight	15
481	263	272	97	63	four	14
482	328	0	101	58	four	22
482	569	8	22	60	eight	23
482	26	10	69	100	six	21
482	154	60	71	64	eight	19
482	300	78	87	78	four	18
482	539	120	52	76	one	20
482	131	155	80	76	eight	17
482	294	187	68	64	four	16
482	132	256	62	64	eight	15
482	263	274	95	61	four	14
483	326	0	104	61	four	22
483	569	9	22	62	eight	23
483	26	13	69	100	six	21
483	153	62	72	64	eight	19
483	299	80	88	78	four	18
483	537	119	54	80	one	20
483	129	156	81	78	eight	17
483	286	183	79	76	four	16
483	131	258	63	64	eight	15
483	263	275	95	60	four	14
484	328	0	101	63	four	22
484	569	10	23	64	eight	23
484	25	16	70	98	six	21
484	152	64	73	64	eight	19
484	298	83	87	77	four	18
484	536	118	54	85	one	20
484	128	158	83	78	eight	17
484	285	185	80	76	four	16
484	129	260	66	63	eight	15
484	266	281	92	54	four	14
485	330	0	97	66	four	22
485	569	10	23	64	eight	23
485	24	19	71	97	six	21
485	151	67	74	63	eight	19
485	297	86	85	76	four	18
485	535	119	55	88	one	20
485	128	161	84	77	eight	17
485	284	187	79	76	four	16
485	129	263	65	62	eight	15
485	265	282	93	53	four	14
486	329	0	95	69	four	22
485	569	10	23	64	eight	23
486	23	23	72	94	six	21
486	152	69	71	63	eight	19
486	296	88	82	76	four	18
486	535	120	55	90	one	20
486	129	163	82	76	eight	17
486	285	191	76	74	four	16
486	130	265	64	61	eight	15
486	263	283	95	51	four	14
487	326	0	96	71	four	22
485	569	10	23	64	eight	23
487	24	25	71	94	six	21
487	153	72	68	59	eight	19
487	297	94	82	73	four	18
487	538	112	54	104	one	20
487	131	166	79	74	eight	17
487	289	196	68	67	four	16
487	132	268	62	60	eight	15
487	262	284	95	50	four	14
488	323	0	99	73	four	22
485	569	10	23	64	eight	23
488	23	26	71	94	six	21
488	153	79	64	53	eight	19
488	298	94	80	75	four	18
488	537	112	55	108	one	20
488	131	168	79	73	eight	17
488	283	199	70	72	four	16
488	133	269	61	61	eight	15
488	255	288	99	47	four	14
489	322	0	101	75	four	22
489	23	27	70	95	eight	23
489	573	20	21	72	six	21
489	152	79	66	56	eight	19
489	297	94	81	77	four	18
489	536	113	56	109	one	20
489	131	170	80	78	eight	17
489	283	200	70	73	four	16
489	133	272	59	60	eight	15
489	253	290	102	45	four	14
490	321	0	103	78	four	22
490	572	21	22	73	eight	23
490	16	31	77	95	six	21
490	149	85	61	55	eight	19
490	296	96	83	77	four	18
490	536	114	57	110	one	20
490	129	172	81	77	eight	17
490	283	201	72	72	four	16
490	133	274	57	60	eight	15
490	252	291	102	44	four	14
491	321	0	103	82	four	22
491	571	23	22	71	eight	23
491	16	32	78	96	six	21
491	149	87	62	56	eight	19
491	295	98	85	78	four	18
491	536	117	57	108	one	20
491	127	174	83	78	eight	17
491	288	206	68	63	four	16
491	132	278	58	57	eight	15
491	253	293	102	42	four	14
492	321	0	103	86	four	22
492	570	25	23	69	eight	23
492	17	34	77	96	six	21
492	150	88	61	58	eight	19
492	295	100	85	78	four	18
492	536	119	57	109	one	20
492	126	176	85	78	eight	17
492	289	207	67	65	four	16
492	131	280	59	55	eight	15
492	254	295	101	40	four	14
493	319	1	105	88	four	22
493	569	27	23	69	eight	23
493	19	36	75	96	six	21
493	150	90	62	58	eight	19
493	295	104	86	76	four	18
493	537	120	57	111	one	20
493	126	178	85	78	eight	17
493	289	208	67	67	four	16
493	130	282	61	53	eight	15
493	257	298	97	37	four	14
494	318	4	107	87	four	22
494	569	29	23	71	eight	23
494	20	39	73	95	six	21
494	149	88	73	61	eight	19
494	295	107	86	76	four	18
494	538	119	57	114	one	20
494	126	180	84	79	eight	17
494	285	211	68	70	four	16
494	129	284	60	51	eight	15
494	259	301	94	34	four	14
495	317	5	109	87	four	22
495	569	32	24	72	eight	23
495	21	42	72	94	six	21
495	148	89	75	62	eight	19
495	295	110	85	75	four	18
495	539	118	56	117	one	20
495	126	183	83	78	eight	17
495	285	213	68	69	four	16
495	130	285	60	50	eight	15
495	262	305	92	30	four	14
496	315	5	112	88	four	22
496	569	34	24	72	eight	23
496	21	45	72	93	six	21
496	148	92	75	62	eight	19
496	294	112	84	75	four	18
496	536	136	55	99	one	20
496	126	184	82	78	eight	17
496	284	215	69	69	four	16
496	130	287	60	48	eight	15
496	263	309	93	26	four	14
497	315	5	112	88	four	22
497	569	34	24	72	eight	23
497	21	45	72	93	six	21
497	148	92	75	62	eight	19
497	294	112	84	75	four	18
497	536	136	55	99	one	20
497	126	184	82	78	eight	17
497	284	215	69	69	four	16
497	130	287	60	48	eight	15
497	263	309	93	26	four	14
498	142	0	110	72	eight	24
498	324	6	96	95	four	22
498	571	38	23	70	eight	23
498	22	50	71	91	six	21
498	149	97	73	60	eight	19
498	296	120	77	73	four	18
498	536	138	55	102	one	20
498	127	188	81	76	eight	17
498	284	222	69	66	four	16
498	128	292	60	43	eight	15
498	265	317	90	18	four	14
499	141	0	112	76	eight	24
499	322	7	98	94	four	22
499	22	51	71	92	eight	23
499	572	43	23	76	six	21
499	151	105	66	52	eight	19
499	297	120	76	74	four	18
499	536	139	56	105	one	20
499	128	190	80	76	eight	17
499	285	223	68	67	four	16
499	129	294	59	41	eight	15
499	266	319	86	16	four	14
500	140	0	112	80	eight	24
500	322	9	99	94	four	22
500	22	52	70	93	eight	23
500	571	46	24	72	six	21
500	148	107	61	54	eight	19
500	296	122	78	75	four	18
500	535	140	57	106	one	20
500	130	192	78	76	eight	17
500	285	224	67	72	four	16
500	129	296	61	39	eight	15
500	270	321	78	14	four	14
501	140	0	111	83	eight	24
501	322	11	99	94	four	22
501	22	53	71	94	eight	23
501	570	49	25	70	six	21
501	148	109	61	55	eight	19
501	296	122	78	75	four	18
501	535	140	57	106	one	20
501	130	192	78	76	eight	17
501	285	224	67	72	four	16
501	129	296	61	39	eight	15
501	270	321	78	14	four	14
502	141	0	109	85	eight	24
502	323	13	97	95	four	22
502	22	54	72	95	eight	23
502	569	50	25	69	six	21
502	149	111	61	56	eight	19
502	295	125	81	77	four	18
502	535	143	58	108	one	20
502	130	196	83	80	eight	17
502	284	229	68	69	four	16
502	127	298	64	36	eight	15
502	277	323	63	12	four	14
503	142	0	108	87	eight	24
503	322	16	98	95	four	22
503	568	51	25	70	eight	23
503	16	58	78	96	six	21
503	148	112	63	58	eight	19
503	294	128	82	76	four	18
503	536	145	57	110	one	20
503	128	198	84	79	eight	17
503	284	232	68	67	four	16
503	125	300	67	34	eight	15
503	278	322	58	13	four	14
504	143	0	109	88	eight	24
504	321	21	100	94	four	22
504	567	54	26	70	eight	23
504	18	60	75	96	six	21
504	148	114	64	58	eight	19
504	293	131	83	75	four	18
504	536	145	58	112	one	20
504	127	199	84	79	eight	17
504	284	235	68	67	four	16
504	123	302	69	33	eight	15
504	277	323	54	11	four	14
505	143	0	108	90	eight	24
505	320	26	103	90	four	22
505	567	56	25	72	eight	23
505	19	62	73	95	six	21
505	148	115	64	59	eight	19
505	292	133	84	75	four	18
505	533	162	57	97	one	20
505	126	201	84	78	eight	17
505	283	238	68	66	four	16
505	124	304	68	31	eight	15
506	143	0	106	92	eight	24
506	319	29	105	89	four	22
506	568	59	25	73	eight	23
506	20	64	72	94	six	21
506	148	116	64	60	eight	19
506	292	135	83	76	four	18
506	534	162	57	99	one	20
506	125	202	84	79	eight	17
506	282	240	69	66	four	16
506	124	306	67	29	eight	15
507	142	0	104	94	eight	24
507	317	30	107	90	four	22
507	568	59	25	73	eight	23
507	21	68	71	92	six	21
507	148	118	64	60	eight	19
507	292	137	82	76	four	18
507	535	163	57	100	one	20
507	124	204	83	79	eight	17
507	281	241	70	65	four	16
507	123	309	65	26	eight	15
508	141	0	102	95	eight	24
508	301	22	123	108	four	22
508	568	59	25	73	eight	23
508	21	71	71	91	six	21
508	149	120	63	60	eight	19
508	294	140	77	75	four	18
508	534	164	59	102	one	20
508	124	207	82	79	eight	17
508	281	243	70	65	four	16
508	120	311	68	24	eight	15
509	140	2	103	94	eight	24
509	308	26	106	105	four	22
509	21	74	71	91	six	21
509	569	72	26	71	eight	23
509	149	122	62	60	eight	19
509	297	144	71	77	four	18
509	533	165	60	103	one	20
509	125	209	81	77	eight	17
509	280	246	71	64	four	16
509	117	315	70	20	eight	15
510	140	3	104	94	eight	24
510	309	27	104	105	four	22
510	21	76	72	90	six	21
510	568	74	27	70	eight	23
510	150	124	60	59	eight	19
510	297	145	71	77	four	18
510	532	166	61	104	one	20
510	126	212	80	75	eight	17
510	280	248	71	65	four	16
510	114	318	74	17	eight	15
511	138	0	108	106	eight	24
511	309	29	104	104	four	22
511	20	77	72	91	six	21
511	566	77	29	68	eight	23
511	147	130	60	55	eight	19
511	296	147	72	76	four	18
511	533	167	61	105	one	20
511	127	213	78	75	eight	17
511	280	248	71	68	four	16
511	113	320	74	15	eight	15
512	139	2	105	104	eight	24
512	308	33	105	102	four	22
512	19	78	72	92	six	21
512	565	79	30	68	eight	23
512	146	131	61	57	eight	19
512	295	149	74	76	four	18
512	533	168	62	106	one	20
512	126	216	80	74	eight	17
512	280	251	66	69	four	16
512	114	321	71	14	eight	15
513	338	0	66	9	four	25
513	138	3	105	104	eight	24
513	306	37	106	99	four	22
513	18	79	72	93	six	21
513	563	82	31	66	eight	23
513	145	132	62	58	eight	19
513	293	151	77	76	four	18
513	533	171	62	106	one	20
513	125	218	81	75	eight	17
513	278	252	67	70	four	16
514	339	0	64	11	four	25
514	138	5	105	103	eight	24
514	304	41	108	97	four	22
514	17	79	73	95	eight	21
514	562	85	32	65	six	23
514	144	134	63	59	eight	19
514	291	154	79	76	four	18
514	533	172	62	107	one	20
514	125	224	83	72	eight	17
514	276	254	68	69	four	16
515	339	0	64	11	four	25
515	138	5	105	103	eight	24
515	304	41	108	97	four	22
515	17	79	73	95	six	21
515	562	85	32	65	eight	23
515	144	134	63	59	eight	19
515	291	154	79	76	four	18
515	533	172	62	107	one	20
515	125	224	83	72	eight	17
515	276	254	68	69	four	16
516	338	0	65	15	four	25
516	139	9	106	102	eight	24
516	301	46	112	99	four	22
516	559	92	34	64	eight	23
516	13	84	76	97	six	21
516	141	137	65	59	eight	19
516	288	159	81	75	four	18
516	531	174	64	110	one	20
516	121	227	83	73	eight	17
516	274	259	70	67	four	16
517	338	0	66	17	four	25
517	138	12	106	101	eight	24
517	299	46	114	103	four	22
517	559	94	34	63	eight	23
517	12	86	76	95	six	21
517	139	137	67	62	eight	19
517	288	161	79	75	four	18
517	528	186	67	103	one	20
517	121	228	82	72	eight	17
517	272	261	71	66	four	16
518	339	0	65	18	four	25
518	138	16	104	99	eight	24
518	299	46	115	106	four	22
518	559	96	33	62	eight	23
518	11	90	75	92	six	21
518	137	139	68	63	eight	19
518	287	163	78	75	four	18
518	527	188	68	103	one	20
518	120	230	82	72	eight	17
518	271	262	71	66	four	16
519	338	0	66	19	four	25
519	124	16	110	100	eight	24
519	298	47	115	108	four	22
519	12	92	73	91	six	21
519	554	105	40	58	eight	23
519	136	141	67	63	eight	19
519	287	166	75	73	four	18
519	525	190	70	103	one	20
519	122	234	74	70	eight	17
519	270	264	72	65	four	16
520	328	4	63	29	four	25
520	124	18	110	98	eight	24
520	304	55	100	99	four	22
520	12	95	73	91	six	21
520	555	107	39	59	eight	23
520	136	145	66	60	eight	19
520	287	168	72	72	four	18
520	522	191	73	106	one	20
520	122	236	73	69	eight	17
520	269	266	72	64	four	16
521	328	4	63	29	four	25
521	124	18	110	98	eight	24
521	304	55	100	99	four	22
521	12	95	73	91	six	21
521	555	107	39	59	eight	23
521	136	145	66	60	eight	19
521	287	168	72	72	four	18
521	522	191	73	106	one	20
521	122	236	73	69	eight	17
521	269	266	72	64	four	16
522	327	2	66	36	four	25
522	125	24	106	96	eight	24
522	302	59	103	97	four	22
522	11	99	73	96	six	21
522	558	111	36	61	eight	23
522	138	151	64	56	eight	19
522	286	174	72	71	four	18
522	520	193	75	109	one	20
522	114	236	82	74	eight	17
522	270	271	70	64	four	16
523	327	1	68	39	four	25
523	127	26	102	98	eight	24
523	301	63	104	95	four	22
523	11	100	73	98	six	21
523	557	112	37	63	eight	23
523	134	156	64	55	eight	19
523	284	176	75	71	four	18
523	518	193	77	111	one	20
523	113	239	80	73	eight	17
523	269	274	70	61	four	16
524	327	1	69	41	four	25
524	124	31	111	97	eight	24
524	299	67	106	93	four	22
524	10	101	74	98	six	21
524	555	113	40	65	eight	23
524	134	156	66	57	eight	19
524	283	177	77	72	four	18
524	516	195	79	112	one	20
524	117	242	70	72	eight	17
524	268	276	69	59	four	16
525	326	0	70	43	four	25
525	122	32	113	96	eight	24
525	297	71	108	91	four	22
525	7	101	73	95	six	21
525	552	115	42	66	eight	23
525	134	157	66	57	eight	19
525	276	178	80	78	four	18
525	513	196	82	114	one	20
525	116	245	69	70	eight	17
525	266	277	71	58	four	16
526	325	0	70	44	four	25
526	121	33	114	97	eight	24
526	295	74	111	90	four	22
526	7	102	72	97	six	21
526	549	118	43	66	eight	23
526	134	159	66	57	eight	19
526	275	181	80	78	four	18
526	513	196	82	117	one	20
526	114	247	70	69	eight	17
526	266	278	72	57	four	16
527	324	0	69	46	four	25
527	120	35	115	97	eight	24
527	294	76	112	90	four	22
527	7	103	72	98	six	21
527	548	119	42	66	eight	23
527	133	161	66	57	eight	19
527	274	183	81	78	four	18
527	514	205	81	114	one	20
527	117	255	71	63	eight	17
527	266	279	73	56	four	16
528	324	0	69	47	four	25
528	120	37	112	97	eight	24
528	294	78	112	90	four	22
528	8	109	70	96	six	21
528	551	129	42	63	eight	23
528	131	163	66	57	eight	19
528	274	184	81	79	four	18
528	514	205	81	115	one	20
528	116	256	73	64	eight	17
528	265	287	70	48	four	16
529	323	0	72	49	four	25
529	121	39	110	98	eight	24
529	293	79	111	92	four	22
529	8	111	69	94	six	21
529	549	130	45	64	eight	23
529	129	165	67	57	eight	19
529	273	186	81	78	four	18
529	514	207	81	115	one	20
529	111	254	81	70	eight	17
529	265	289	69	46	four	16
530	321	0	76	49	four	25
530	471	0	71	37	six	26
530	121	41	109	99	eight	24
530	291	80	113	93	four	22
530	8	113	68	93	six	21
530	549	132	44	65	eight	23
530	129	167	66	57	eight	19
530	272	188	81	79	four	18
530	513	210	82	113	one	20
530	110	256	81	69	eight	17
530	265	290	70	45	four	16
531	471	0	71	38	six	26
531	323	0	67	57	four	25
531	120	43	110	99	eight	24
531	288	80	116	95	four	22
531	8	115	68	93	six	21
531	549	135	45	66	eight	23
531	129	170	66	57	eight	19
531	271	191	81	77	four	18
531	512	213	83	112	one	20
531	109	258	80	69	eight	17
531	264	292	72	43	four	16
